28415 28530
203624 203791
162279 162770
169608 162296
3604 2961
123056 123045
148960 149670
163268 162992
161654 161841
232959 233258
8601 8889
249026 248475
114039 114391
138308 154560
117201 117785
138785 139232
250961 251254
236816 236960
187973 188278
60707 61312
158829 157870
144367 124544
104782 101204
268804 268785
308676 308746
106020 105946
127566 151229
166728 164617
29959 31550
236556 240488
139295 138785
176322 175430
5997 5522
229082 229323
202588 202119
237853 237894
253266 253625
31596 31717
68222 68314
31550 29652
10019 12780
49174 49360
164878 164662
132946 133647
56800 57256
49358 2924
124920 124943
73284 66560
251870 253093
7261 7459
50541 50635
164893 164813
252405 252433
109835 116555
202548 202119
8358 8399
33906 25204
269396 268966
163882 163780
198421 198608
48376 48050
124849 124943
229425 229082
63168 63095
53588 54261
132715 132781
168421 168764
36164 10575
47229 47370
164028 165912
148681 140676
317539 317666
270372 269654
201519 201595
239295 239460
231293 228813
166752 167147
13855 13966
154869 159631
63464 63511
298840 299036
168764 168157
221462 211763
60707 60646
138418 138280
211763 212225
166270 165562
241823 253562
165912 165929
198152 198077
140676 140732
68957 69079
270990 270789
67795 67889
52978 57563
223728 223927
307411 307526
111924 111904
29856 29722
231145 251440
38330 19588
163470 163866
59095 58999
74562 73654
24000 24442
165904 165628
171238 171191
9122 7928
18641 18500
141792 142203
276222 276266
177961 177838
200603 209090
236577 257916
169546 163924
61260 60648
7503 7240
57746 59034
152931 155961
241309 252433
27685 27651
242057 241823
108517 108726
146022 146264
106281 117875
24318 23859
220885 220513
35705 35685
50635 51446
46222 45908
238156 238114
226759 227498
13159 13041
8671 6280
134642 133798
117477 117201
315456 315371
2924 2885
131893 132043
154624 138308
288741 301976
285137 284778
128550 109259
184403 184246
179292 179453
146264 131377
49360 2878
69596 73683
116047 117763
275900 274954
265835 265823
202203 201399
30799 30717
34239 37785
248969 248923
312082 308819
29126 29019
166742 166796
248969 257793
245674 258112
7503 7534
48050 74465
59487 71011
213006 211873
10721 10671
48112 48388
23354 22731
60648 60412
220933 220885
214251 236264
259605 240831
47770 49195
10721 12803
54464 54261
84754 85436
154991 123056
270548 270509
141088 140316
241897 254404
46012 45908
253684 253632
228080 228688
43040 43194
236756 260063
14443 15443
167493 166996
145241 132144
124679 144382
164617 164419
3974 3604
211763 212189
154504 123934
144296 153287
253215 253093
27416 37293
191891 190923
310685 310854
195486 195212
45881 46363
61926 60281
132781 132650
308985 312082
46078 46094
153287 152420
13966 13854
127229 127124
220339 220540
135032 135128
199668 198926
63833 71143
213286 225574
162653 162279
20426 30879
239109 240831
150066 150179
195405 195510
113738 116291
17192 16657
134069 127599
252441 252930
165581 165912
245059 246919
7094 7480
17192 17431
126693 126303
252288 252433
26972 31193
140734 140538
226759 226724
38173 27188
237853 237897
25269 35518
213006 224078
164636 166796
60518 58214
6997 1626
220513 220434
128556 128590
140734 140516
7933 8399
167147 167275
194116 193286
69576 73683
269235 269155
49360 49066
51989 51907
159055 156481
231459 229353
30890 30714
138007 138081
191019 191140
41358 41177
263210 263123
141078 141060
68314 67959
48942 49114
163866 164213
43062 43053
29994 30023
45942 45881
310831 310854
68782 69218
171239 171191
179453 187971
166748 164617
154620 145637
169608 162109
24318 35417
171191 171227
135605 135814
258112 260232
163182 162812
61176 60924
220933 211174
163560 163726
64885 59663
231145 259315
7552 7459
211172 220560
202203 203114
28774 29867
5893 5682
163263 163182
62765 75417
260171 236917
269240 269205
41358 41159
141088 140843
179453 187979
234379 234540
221773 221385
203703 203791
59277 71623
173167 173106
18690 18508
162992 169608
37962 19997
49114 48924
194916 195000
24266 24852
23233 40293
171308 171255
72655 70324
126885 127124
316028 315643
127566 127390
105878 117960
41358 41151
8216 5682
193818 193645
133962 133834
49039 48995
74477 73683
122722 122770
5909 5799
71950 66081
178995 179245
54867 54878
164648 164617
156753 150508
60621 60668
246865 246919
279117 276222
165352 164878
24725 35518
59277 58907
179067 178507
251254 250969
4254 1626
140981 140381
159072 151129
59663 59567
131391 131491
212451 224475
201996 201613
13041 33706
141060 148812
269396 269517
257089 246919
232972 233258
249026 248956
68465 41128
17729 16908
63270 63316
179003 179245
108007 108557
163912 165628
164617 164826
122555 122393
37746 32402
165912 166238
31550 29919
190923 191820
153507 150470
133980 133761
182198 182155
24266 25132
244428 244043
175540 175916
249733 241527
253417 253266
4751 1626
29740 29856
8573 8304
5717 8102
177726 180913
190923 190983
253093 252444
188278 188318
28020 28065
237310 231443
10798 10735
269600 269396
27459 31193
51803 72664
29288 29867
247188 246984
10798 10632
52732 53653
7928 9084
238323 239290
68695 68782
311512 312082
119032 119064
162152 169608
252729 258904
233995 233914
128556 151256
204258 203917
164333 164617
159981 163182
28215 28065
228497 228670
307465 307526
169608 166753
67342 67948
54867 55062
59663 64906
315268 315232
45711 46917
73466 71143
164813 164488
229865 229966
243435 244690
145575 121148
128876 123056
164617 164817
246742 246669
145505 132144
45908 46008
9358 9074
133834 133588
51610 50635
276222 276343
17743 17648
10019 10702
142613 143266
28264 36164
168247 168210
176390 176929
182221 182155
257087 246919
133159 132991
120827 154504
269396 269100
62765 62912
74140 75167
139161 139219
54261 54333
122393 152707
159161 145637
8096 7610
113065 118097
45541 45881
285137 285168
57563 59045
68314 68218
59846 59212
4650 4995
12830 10823
68605 41128
127273 127124
163924 161116
138686 139161
71011 59139
202269 202119
222094 213815
238156 238073
62765 62781
175654 175703
28076 28530
214729 225162
46141 76429
8487 8399
14184 34868
246276 246669
3010 49360
139222 138785
60924 61134
203543 203791
140381 141347
198152 198850
271040 270924
49114 49410
1626 7161
315268 315225
127482 127566
53729 53641
253684 241788
30394 30023
53724 53627
64696 64372
229489 211083
65801 71950
163123 169608
134835 134642
153530 150508
311616 308746
52066 51989
168550 168764
166996 164805
140845 140856
165607 165877
238577 238323
30717 36631
301227 299036
270433 279065
229082 229066
35320 23306
213216 214251
135605 135770
126989 126844
247637 243608
299121 299036
237853 236097
46141 46191
179453 189126
108517 108632
118690 117763
68668 68728
256578 236290
219227 219167
24266 24707
233284 233258
233082 230657
67795 67873
140845 140838
69777 73683
133965 134642
165912 165698
35009 38122
56800 56832
6280 6167
162044 161841
250004 238313
24469 24318
241823 253563
20331 37217
162992 162849
210819 212151
225850 210780
196216 197584
226759 227345
49114 49015
47812 49195
10339 1634
167147 164723
36164 29095
139138 139161
245057 246919
9947 10721
164694 167028
158847 153287
303443 299036
66058 66364
60151 60106
148982 148960
23833 24395
7191 7459
29856 36525
108557 108155
167147 162785
166796 162831
201633 201996
245164 244043
244690 258528
221163 223728
30719 30890
169380 169673
35802 11747
319732 320390
226759 226677
257057 256456
207560 207573
8442 8601
11058 10798
127288 127124
163924 165614
164836 164813
185820 186816
135050 133182
162321 169608
45585 45908
299036 303438
69645 69610
164813 165368
195939 195891
270548 270502
238204 238029
32492 32522
179377 179245
116516 109874
2429 8475
160796 160925
7503 7544
279606 270433
222094 225039
162241 166796
69610 69589
7928 8408
284721 285137
160981 163866
60545 60621
117875 116658
316062 315669
7080 774
269396 269468
127241 127566
7503 34471
20188 30717
220458 213006
152955 158829
230412 229966
59791 60151
166774 167028
249324 248969
8281 8510
244011 244043
244847 245050
69056 69079
133834 133986
310854 311169
52029 52624
198957 199507
269418 269235
62099 62157
23141 30717
45908 45503
134206 134069
166969 167147
159570 153507
270674 270725
162302 169608
5717 4919
120257 157085
268921 268785
207560 197998
260682 253017
122770 122674
228688 228766
167028 167374
206998 192083
209653 205303
184527 184303
74454 45021
145597 156811
47163 47002
68314 68387
219167 219183
163182 162462
10631 28065
146201 146264
65976 65470
5997 5164
132144 145499
47784 49218
3102 49690
210819 211826
58186 60485
11060 10798
240136 249372
60735 60924
133993 134642
302427 285137
171244 171191
163164 162992
15443 15449
67235 67047
166996 164861
47370 47708
310854 310009
240033 239815
51899 51662
138418 138185
37293 26486
7459 7260
142921 142886
315696 315228
233914 257526
235249 235356
177538 177709
268308 268602
30945 31187
138983 138785
155888 153287
63511 68448
73683 74814
67280 67100
115787 111527
131755 135605
223389 224455
9468 8601
260781 257794
7420 8096
228975 229082
268558 268721
165816 165877
247248 257103
132945 132879
240508 236556
243831 243975
259896 249026
186816 186539
140961 140845
63095 62994
208805 204424
59327 71011
239815 239299
170095 184303
66943 67100
238313 250019
278156 266746
146264 146016
138785 138626
253093 251843
237853 232731
239815 239408
162279 169605
45827 45908
112191 112242
3795 3890
68639 69079
48394 48050
244690 245806
148790 148849
181931 182155
68647 68668
257280 250678
154880 159631
167330 169434
122998 122947
30987 30890
8304 8209
149056 148960
8651 8601
179245 179001
139161 138702
140508 140734
166951 166996
232302 231575
309809 309953
166740 167147
259143 258112
13066 11064
5717 4641
227576 226832
107890 117763
164617 166747
161841 161960
117201 106086
9186 8510
222094 212841
11064 10827
182155 181672
165877 163945
218324 215166
268881 268558
58999 59179
258112 257967
244526 244519
15815 15443
63186 63316
270512 270548
308824 312082
239951 239295
133070 133182
246380 258112
182170 182155
209656 205301
166613 165562
164261 165877
310383 310560
162479 169608
69079 68685
166996 167537
164012 165628
268558 268675
28065 36316
4533 3795
193818 208963
101602 104782
134107 134069
270433 279608
237389 256513
122770 122821
4851 4461
167147 167312
32055 30127
133943 134069
134642 134689
239295 239461
169310 169380
253604 253266
221598 221773
8330 8096
233506 244690
225574 222195
34998 23306
66147 71950
53669 53627
29856 29235
10283 7928
272483 274687
193818 194433
35816 25171
15905 34868
169380 169295
248969 256512
63316 63266
285137 284777
66064 66058
178769 187041
222728 211083
23893 24000
131707 131491
260781 231474
233258 233269
5570 5682
220540 220379
253821 260980
65499 65470
46937 45711
182155 182005
209657 205301
219159 219167
268811 269205
163090 162427
22534 21933
71687 67100
47152 47370
238086 237853
138308 150678
212069 210497
163679 163470
60648 61327
244847 244963
253684 242394
208541 207560
128556 140642
208993 195764
152257 148790
164813 164698
25171 26362
162768 162992
58999 57753
49195 49317
119971 159631
30879 30684
270674 270758
175703 175036
214765 214487
142613 136264
29984 29867
140886 140845
253684 241803
228813 230783
32055 34147
175510 175703
269572 269396
34547 28065
131271 131491
117875 107131
31382 27461
133761 133813
184503 184480
269235 268715
45711 46059
163182 162437
165912 165140
166796 164837
117201 110296
5158 5997
132465 135605
202029 202173
270548 269750
304926 301992
136260 136102
148826 148790
35534 39456
54254 59277
225303 226120
65470 65440
224455 219370
8323 8096
228813 228523
7440 7503
244565 244690
166216 165912
167028 164803
270202 269993
105946 114679
27685 27929
60924 60980
204258 204316
162077 169608
73284 71257
140994 140381
4852 4461
142935 142921
176735 176390
248576 248317
229082 228954
52759 53627
285137 283758
256230 250017
148773 154504
122770 122450
20956 21226
27461 36766
260375 249733
40970 63511
1969 1912
8601 8448
226759 259069
238204 238247
202082 202029
253462 253684
53641 53910
29867 29859
39697 1969
203486 203569
309953 310013
228086 227860
140614 140676
163182 160164
140676 140544
71011 59499
191739 191714
30498 20122
62849 63368
244043 244620
201996 202185
68782 68689
149634 148960
58499 59684
60514 60924
30879 20423
228480 228497
166796 166826
25171 12517
126310 126303
190582 190671
177862 177961
184350 184303
9358 8566
68782 41448
71305 45021
29867 29786
246669 246759
56800 57846
288589 288741
229966 230070
220252 220086
228521 228813
67978 68207
192116 191880
208896 192083
5997 5159
7080 7039
192083 207115
162427 162091
213292 214251
31596 31633
220463 224455
251347 257280
246984 256423
105608 104356
21675 17192
122770 122814
316062 315905
3604 3525
237385 237389
209073 193151
270433 279611
164766 164813
41275 68668
269396 269216
59277 54579
202119 202537
191140 191246
47045 47163
199922 199657
161109 163924
6235 8304
186790 188278
30498 34078
31530 31596
15856 34868
65954 65470
167028 167345
237389 237438
269329 269205
146286 121148
139161 139248
29856 30194
6280 6197
248228 249026
10798 10005
234856 234379
220513 220720
226631 226759
10644 10721
46273 76429
117763 107875
157744 152931
7314 7503
7928 9266
271040 270908
2429 2615
60648 60492
279607 270433
106428 117763
214251 213373
31537 29856
163560 161528
224372 220540
134642 151378
228519 228813
9987 10721
13041 13253
