228556 123243
201009 177566
18508 109047
278674 218428
138264 262072
25035 127124
45151 148790
159695 27188
72803 278674
262072 157804
121697 210635
125485 201996
65219 134069
144350 30151
252433 146258
132405 260627
64720 144382
260627 129551
3904 277882
232140 127124
7928 140035
27188 128620
31596 273355
111199 224801
278674 236497
138753 37293
159262 251254
278346 252433
138741 56800
260627 140178
244526 266816
262072 152577
126374 46191
249836 143047
78058 27685
14802 314631
118556 210635
144382 42489
252433 145058
252433 184642
105946 253643
106166 266424
270202 31409
139866 30151
148790 56336
278674 182986
116322 252433
136120 45711
7928 121321
71871 139161
266424 315992
43200 118097
111199 201214
132392 35518
118097 45588
124795 207560
109111 228556
18508 122415
118097 71631
156869 10823
276105 30151
139161 17689
270433 185265
319639 252930
214729 147038
131644 56800
314692 214487
262072 127993
281 109787
141606 210635
36164 140289
107843 195486
16692 272861
148790 66362
147047 228556
118097 43183
46191 137469
268320 66058
23306 319450
132244 27188
260627 277584
35059 278674
279842 36164
190435 153056
17729 140600
117887 36164
224798 319732
215798 118097
278674 72078
13810 278674
8302 144382
109320 36164
123424 16692
79647 214729
237925 118097
145436 46191
277722 30151
149406 56800
118788 18508
281117 310948
275416 18508
118097 29945
116852 190435
62305 111199
236585 278674
111199 3435
207035 132558
106769 278462
78437 1626
256578 278674
70484 316732
244526 156957
121251 36164
44123 118097
18508 274645
24859 148790
138167 36164
77668 1626
252930 111065
262072 108801
280430 18508
36164 278384
173454 194872
50320 145338
30151 158418
138341 1626
214729 276026
54218 316732
34897 127534
262072 315510
187230 207560
228243 118097
244526 144609
65387 133739
7928 146497
130548 18508
46191 136001
26016 118097
149290 251254
266424 132050
309013 316732
316732 33036
126145 262072
156238 168714
210635 155024
118097 41444
145168 1626
50881 316732
30151 158417
218984 118097
252433 147155
313768 56800
260079 118097
266424 148856
124950 14971
37112 111199
169608 174033
122358 16692
79759 262072
28795 118097
61652 105946
269815 177717
128074 56800
127124 57558
251220 118097
46191 321174
128998 214487
257018 111199
278674 244814
31596 153391
171105 263210
228556 154312
168714 177215
278674 237905
251847 111199
119869 266424
224455 157383
78964 52732
118097 41306
34868 149352
157054 17729
252433 109646
31596 107302
49928 111199
316180 214487
115016 266424
141466 36164
310590 118097
201996 136074
129226 36164
117201 252012
266424 140980
266424 123622
19316 139161
254730 118097
56800 315219
18508 135069
30151 152545
278674 47065
201996 137281
155639 266424
279146 1626
132705 18508
118915 266424
46835 118097
16692 107000
147323 214487
262072 308612
129521 14971
105864 214487
316732 70304
64580 134069
66058 114601
27188 122250
1235 111199
228556 137886
246128 132558
252930 134794
111609 268558
150886 260627
18508 119160
181457 261384
127124 255196
10823 144084
107952 66058
149158 46191
118097 195621
56800 154996
244526 315588
148790 9617
118097 229217
125961 56800
139904 201996
266424 107682
77917 252930
140759 266424
123919 66058
184393 210635
61944 111199
266424 125978
214487 274542
260627 79656
137045 236816
118097 4046
316732 72118
176427 195486
27685 140577
118097 257427
30151 115043
185569 266424
27188 122861
52142 316732
131556 18508
136436 211763
144081 36164
30151 125800
252259 118097
242406 111199
223919 118097
155532 260627
118097 249149
46191 122381
70809 316732
47476 118097
154979 1626
109696 266424
252433 135320
149363 214729
318692 252930
14971 136048
142592 3795
61389 139161
142675 236556
153374 214729
109974 16692
266424 125307
278674 62150
148108 190435
266424 152585
252433 77655
192600 118097
18508 150482
79740 266424
118430 66058
269815 170138
250927 118097
27188 121675
231575 126606
220480 118097
119355 45711
56800 140479
7928 159074
118097 232253
27685 275155
199657 140642
147884 27188
34897 320035
7928 148512
211922 118097
270433 307975
40010 316732
111199 234027
53248 278674
131709 262072
126515 238313
214487 116914
150620 210635
152917 31596
43244 111199
253093 138752
78262 214487
214729 137678
22579 145317
124922 37293
134947 66058
127124 34527
316514 18508
144382 51404
118527 244526
79491 214487
266424 180264
134916 16692
112529 266424
10823 320271
150320 228556
16692 126938
309897 207403
210635 134151
51194 269235
9178 127124
105946 166615
309287 266424
120801 30151
120515 244526
148790 18889
128650 46191
153761 251254
311973 315268
191388 105946
262072 148737
46191 158628
138000 66058
231496 111199
263293 118097
214487 121839
316550 214487
62053 270433
118097 35946
122859 57345
110482 266424
118097 20002
214729 278535
18508 113574
14099 127124
109787 69797
308010 148790
214487 140820
224455 276503
319732 203738
135488 56800
278674 24322
111199 5338
130415 244526
78951 266424
111199 312127
135053 231575
242795 111199
131881 27188
267472 252433
36164 79544
213180 275629
194116 156659
70097 278674
165912 309591
118097 62219
139046 46191
37293 126690
201996 306656
207403 181342
16692 111983
1626 152297
118097 225392
210635 129120
148790 219653
317646 1626
55281 127124
18508 273785
217076 174688
116695 252930
139316 214729
17729 144300
144083 18508
118097 250432
105946 198681
34897 128628
7928 133192
112898 30151
135897 260627
201996 112042
148790 215169
27685 120893
132207 16692
18508 113131
3336 314631
278674 307404
27685 132349
33310 127124
105946 258171
30151 137732
269785 111199
317823 228556
115427 214487
116778 168714
162992 185869
156895 266424
214729 315542
56800 158157
202799 118097
128474 262072
128545 266424
78039 224455
120515 251254
148557 201996
148682 266424
18508 277437
260384 278674
252433 318763
56430 118097
118097 67908
309710 201996
280932 118097
194872 148230
63695 118097
16692 123733
67965 319732
124047 252930
266424 107137
214487 116426
123458 10823
278674 245284
155254 1626
47163 129867
108113 10823
56800 122083
121169 207403
130574 66058
207846 118097
168714 133374
47163 152262
78290 262072
321177 66058
164617 119821
194872 152881
244526 124262
314631 210283
117626 214487
36164 152762
190435 134432
170205 210635
266424 187895
35330 146863
275717 214487
215009 105946
149475 66058
314631 218293
147734 252433
228556 139419
141089 18508
18508 129120
111199 52633
228556 321090
187333 165562
278126 252930
46191 318112
37053 319732
201996 157474
118097 256216
133671 34897
144285 14971
140842 190435
148790 239399
128450 18508
53966 278674
210497 153443
133196 99583
66058 140192
137786 260627
118097 63602
146964 210635
194116 131414
306823 165562
51004 148790
111199 312285
136195 16692
105946 192891
31596 140199
3795 124213
56800 275215
110833 16692
276928 16692
46191 315282
27188 140545
266424 173286
16692 280262
150194 30151
72702 118097
249694 126844
122879 244526
185342 106769
27685 123971
111199 21156
124672 7928
124220 3795
75829 162992
36164 118772
27685 143798
159339 262072
138272 252433
278674 13462
112166 27685
28039 127124
115013 266424
118296 252433
128601 47163
244526 148145
317041 207560
238313 123800
30151 113083
99583 249187
79377 201996
74230 278674
56800 314114
134230 238313
118097 10252
317166 211763
66058 109717
27188 109121
132119 27685
276638 18508
18508 113561
252433 109082
210497 136495
268938 117201
113056 16692
110765 1626
18508 316364
238313 144412
168714 151498
169608 126856
51948 278674
278674 73771
213166 148790
271344 106769
192706 118097
46191 130903
133984 244526
29865 127124
270784 56800
214729 319504
125099 266424
118097 241220
6098 118097
79308 17738
59087 316732
16692 135852
214487 106610
46191 158559
18508 117813
46191 273373
24513 278674
213084 117201
226775 278674
118097 198916
111092 269235
144484 56800
133388 1626
1626 141417
35518 158046
274431 30151
118097 168674
119161 66058
194872 310090
116027 266424
5272 127124
210635 152947
144055 244526
126844 36181
127124 24718
207560 157778
122803 27188
175030 168714
185146 270433
132812 66058
260627 148784
278674 34656
160267 118097
223227 117201
12438 111199
117771 213180
278674 231743
118097 74097
1626 137236
266424 157115
159952 27188
273416 24973
1626 151677
52367 316732
266424 320744
127516 36164
201996 316268
1626 99709
841 270433
319732 70919
204689 118097
119529 228556
13041 114958
169608 126908
195486 307658
132594 194872
138182 244526
145729 252930
18508 316725
1626 126624
205443 105946
108152 201996
214487 77878
270433 64470
274734 30151
278674 30261
310514 217169
56800 110783
142249 244526
142402 18508
31596 107279
236556 152966
266424 134228
118421 252433
8110 145317
36164 125380
12 270433
234522 273416
158235 262072
139550 36164
40701 252433
27685 135913
47163 148598
314020 258240
316864 201996
159948 37293
278674 12657
270433 310067
27685 122352
6073 314631
31596 154303
158083 213180
187662 168714
117032 47163
1423 148790
31596 275967
56800 113587
30151 277145
118097 17433
56800 280237
66058 139964
267011 18508
168714 183814
281170 260627
138661 7928
263104 118097
135100 210635
134683 48112
260627 123142
278674 43743
142257 16692
1626 275155
190261 118097
16692 275001
278674 9093
30151 314917
118097 265904
252930 158244
50320 130058
5091 148790
124596 252930
217169 136324
200257 118097
190435 316229
111199 71160
228556 128464
68377 279465
153242 16692
274532 214729
118097 50680
153239 46191
263210 189562
278674 232705
148790 1498
34868 150597
34868 314778
66791 117201
30151 142300
191895 118097
115781 36164
142467 251254
130528 266424
45711 157647
72960 126844
168714 311458
201996 153729
201996 139355
27685 142504
214487 79255
127124 54046
111199 210480
162992 311171
314885 47163
133867 18508
77952 244526
134831 18508
316590 253684
262072 109372
252433 105964
310807 278674
138131 252433
156822 16692
66058 275637
210635 121947
118097 32424
113167 252433
36164 114074
18508 313897
78332 262072
36164 156686
48948 278674
36164 137703
297 118097
106047 36164
133537 27685
152427 18508
153285 36164
15498 148790
1626 78190
130377 266424
194116 143639
56800 314813
266424 79531
72093 145317
278674 15887
137601 34897
244526 140820
36164 110074
247512 132558
36164 130421
16692 275861
105946 63810
278674 238270
201996 129834
252433 139336
118097 201795
278674 43939
129273 258240
263210 143688
203535 111199
266424 307987
57608 316732
9818 118097
118097 33574
45881 119467
273416 8925
118097 3568
315769 46191
143604 34868
236816 118619
148790 53321
265792 118097
129314 252433
134392 48112
266424 142794
116954 262072
131207 214487
224455 122803
1626 148339
145243 266424
65837 139161
105946 255543
18508 137560
265380 118097
56973 148790
312879 218110
48112 155207
119144 266424
158150 47163
125582 46191
148790 214291
207475 118097
244526 128162
127233 1626
79318 244526
123702 1626
147050 262072
252433 132013
144382 38664
107856 210635
141529 194872
136179 252433
159680 47163
278674 215097
316732 306805
219790 118097
211763 114353
132875 18508
112288 46191
132634 266424
306982 111199
262072 128831
66058 130988
133410 37293
278674 236971
118097 67820
122909 214487
111199 48835
252433 134542
77508 36164
61365 270202
204896 184821
210635 156698
134120 16692
118097 230130
266424 130413
49544 144382
262072 316016
153163 35330
244526 136794
115264 47163
152812 266424
266424 115208
201901 118097
8096 135981
115463 27188
270202 73460
46191 121340
118097 169206
273416 254841
319732 211757
105946 234427
145308 50320
120478 190435
46142 111199
18508 107208
37293 142415
238989 267120
308377 262072
34897 115432
129475 23306
31596 150230
58842 276222
1626 152287
201996 183487
23372 278674
154674 34868
244526 123517
1626 131211
27685 117144
193141 148790
78621 66058
214487 146821
280257 252433
126844 11129
57079 148790
132045 1626
144831 35330
105946 75840
64192 111199
319732 49808
230977 314631
127124 43441
278674 31962
266424 130428
148790 33874
266424 159255
150393 66058
278674 45507
214487 108400
217169 307577
244690 79197
37141 127124
1626 274038
168712 118097
123903 31550
17729 109366
123966 36164
56800 153370
58013 270433
211763 111830
142895 252930
266424 118038
266424 133340
108112 10823
18508 131313
224455 148990
43783 118097
77297 270433
281117 61262
11436 118097
74224 105946
116145 199657
149424 52732
36164 155428
266424 118497
228455 111199
36164 112892
46191 147446
155724 30151
148790 31933
228556 217470
196717 105946
131959 251254
41680 268558
118097 28630
190435 119749
118097 191624
228556 134356
78403 56800
30151 139567
36164 129681
35330 145050
135536 190435
24061 127124
34897 118961
278088 11227
36164 113210
262072 79353
214487 157570
252930 188652
266424 309364
217925 118097
151311 251254
111689 18508
133180 194116
207403 148143
131801 217169
270202 114362
18508 320289
214729 133650
146818 35330
252433 159150
66058 77870
571 278674
135661 16692
149304 18508
53942 319732
151496 194116
105946 193320
129442 37293
17729 107555
148790 260307
260627 153078
56800 118207
46191 113736
257344 314631
134025 27188
147161 1626
316895 1626
118097 195069
118097 26428
46191 135967
155073 244526
278865 252433
130914 56800
180985 165912
148790 43103
108094 194872
306133 266424
119826 30151
17271 319732
140996 228556
21677 118097
118097 5046
118097 228069
67186 111199
7928 119613
129800 252930
157463 18508
47163 148624
142359 210635
118724 252433
63547 118097
156580 214729
18508 115670
26796 111199
120951 65387
115607 36164
320827 18508
279833 31596
30151 135276
141819 66058
46191 113258
57534 79308
252433 119185
273525 50320
