7694 7479
19390 30151
177961 176887
253266 252701
24284 2800
165908 163924
57746 59076
73284 66582
167167 162427
171553 170284
238313 238439
7461 1626
75586 75167
184303 176256
135022 133182
112242 114652
169793 176322
135128 134906
27685 25344
127124 134015
45711 45878
198421 198100
230657 230462
134642 127592
224455 210936
45788 68782
224455 211056
34040 29019
213971 214729
288741 288489
288608 301992
160022 160260
228943 228497
309940 309953
166796 163357
163993 165912
165773 165628
134485 134642
5682 5212
201996 202223
22855 28065
251331 251254
158829 156054
237759 249372
139962 139897
238313 239441
69201 69079
239124 257916
78975 79308
124819 123451
34790 10019
163560 164385
121307 146264
231575 232674
251999 252425
120831 131124
193413 192463
229284 236917
13058 10721
163182 166747
132348 131893
15056 14971
65387 77346
140535 139962
49195 2930
202576 201902
68614 68782
190582 190632
15308 13966
184303 170295
5723 5909
201996 202230
260063 257773
244603 245736
161388 163924
64959 59663
68668 69138
166587 168764
4471 5717
70739 50635
246984 245220
213006 220922
236328 236290
171191 170945
1150 218626
70324 53115
57494 52732
246669 246800
176390 176692
269695 270970
131980 131491
59466 71011
233258 233942
160438 161217
165352 167028
276222 276097
124819 125020
46035 47370
310616 310854
13495 10798
71753 60707
179245 188240
34000 28065
231145 251023
24000 24380
32037 31596
253266 252693
272015 268602
126844 125707
162113 166796
164001 163866
66058 66441
165628 163802
16266 14971
159428 153603
25171 38185
115463 117960
59955 59684
61848 59684
204745 204896
210516 220086
179464 188278
16236 14971
258409 245736
19146 18500
178145 178379
53641 54037
163165 169608
14143 34868
7503 4930
5682 6209
135605 134892
2150 38997
310632 310854
135399 135518
249670 238323
65387 65543
316444 316709
233885 234379
238699 249836
220513 213647
10823 12854
31029 30997
238323 256523
195764 166020
52478 51989
231653 231575
41128 69176
236556 239300
133604 132946
214323 225574
221398 211763
272682 275232
57387 52732
164297 164878
6993 7094
79308 78866
63095 62973
5481 6280
55605 55142
159631 147496
4806 5682
32055 36558
46449 47163
162279 163091
224455 220603
141792 143506
132988 133182
46191 45906
254404 252738
244431 243023
217169 216900
244969 246919
40893 62844
99265 99583
75253 73256
165877 165724
18500 18355
8304 8351
25204 25051
17374 17192
175540 174962
76227 75657
198926 201394
211980 235249
20320 37962
211763 221343
2069 1969
249372 237580
309355 312082
117875 105894
34563 28065
94930 94671
1626 4175
123193 122770
232597 234379
62765 40842
18508 18778
168764 165454
10019 10677
247240 236816
191614 207403
31265 30890
5682 6275
164813 166793
247035 246984
225331 232818
227576 226748
249429 248969
5682 6234
118706 117763
164956 164878
269951 268558
235972 260627
128556 140611
229310 228688
10823 12291
256178 246919
228497 227731
232495 231575
137528 138007
262147 261949
32467 21226
1969 3799
45881 45972
7506 7080
50203 50320
59736 57563
124943 125984
162247 163182
245423 244847
163947 163866
161787 161921
65426 65470
219167 218700
236665 238313
35518 5098
312082 312131
59663 64516
135543 136102
124558 124544
46388 45711
263195 263210
119032 106294
2924 2862
243071 244043
11032 10019
122393 152547
316444 319276
213891 222094
288741 305066
236845 257074
53627 70820
117960 107932
135391 135518
7996 10076
195430 196115
239351 236556
49218 49072
207403 190751
250922 231145
162427 167181
71797 72168
71465 52029
4372 3827
61926 59927
59715 59895
162427 163245
315643 315879
155048 122393
7080 4300
316103 315742
210587 225864
161111 161217
218350 218086
56676 56800
302024 288741
47370 48759
161071 161217
170007 183801
16116 34868
234379 232653
210110 209046
35330 22759
211169 213006
201996 201296
1634 10466
65185 65387
164814 166796
228667 227860
41128 68735
140676 148722
130869 130660
236290 239889
268602 271905
142613 136640
138007 137240
236917 228980
145317 144961
128611 109473
244690 257565
238073 238313
167143 164813
251254 251668
315268 315544
228921 228813
268266 268558
132946 133653
184503 184323
214251 236130
183445 183461
249073 249372
108517 115047
246299 258112
125671 132781
288170 301992
163303 162427
315268 315885
62728 62844
182244 182155
163690 164813
105943 119032
146339 146264
285137 300820
13090 10721
259943 250017
175467 176390
299036 298989
168764 168426
195764 166106
132144 145587
28065 36033
130022 132991
55395 55927
125803 127124
50276 54803
232688 231575
45881 45546
229353 229392
46191 45901
2429 2313
35009 18191
130754 130869
231652 260781
252822 241823
167396 164878
31918 31596
260781 232459
243061 243023
272521 272682
35444 35802
31389 31187
51061 50320
301013 290401
285137 284903
120831 137331
126036 127124
131491 142971
18224 17743
71011 54409
50320 50164
246742 247248
252261 253093
230657 230413
125283 126854
164691 167028
239295 239963
48112 47926
161813 161921
241163 223186
191880 190771
198992 199838
182155 189459
132991 129958
4461 7144
193241 194116
238313 231382
211763 223684
305056 288741
218511 211763
198026 198843
152027 120831
225368 220513
53272 53627
145441 145317
256530 231575
71790 72168
73654 73758
194116 192519
72050 53627
220540 220032
48050 48439
269235 268669
201902 201754
56669 56753
195314 195486
210497 212672
162980 169608
13041 12384
71521 68782
165357 167028
163560 160662
213216 213180
259270 260781
52692 52029
29856 30226
315456 315516
127037 126854
5336 34428
108768 107978
170102 171553
212689 212005
218953 225864
268679 270202
29856 30338
76216 76227
49114 49674
263130 263210
48050 48375
17075 17729
220310 220086
10474 36164
37582 30717
23306 18672
162463 169608
29528 29019
57431 52732
167147 168317
49255 2924
59895 76133
260733 240831
308843 312082
228813 231277
162992 162148
31073 30879
273546 279465
195486 195735
278088 278058
58478 59726
4643 7503
27685 27949
145546 121148
167564 167147
36164 27604
254404 252676
108768 108174
162992 167255
111904 111496
122760 122393
161921 162683
51982 51662
72095 62480
285137 283726
134041 127566
184550 184144
166796 163341
270952 270548
11064 12797
130254 130150
244495 244690
15747 15343
271928 268558
168247 166844
10076 7748
148790 149039
163758 164878
241823 242675
162534 164617
227860 247205
60826 60648
76429 45380
268785 269123
23306 35514
59112 58999
95099 94930
310090 310854
113738 106560
253093 260512
50320 50103
28407 27685
201079 201763
276222 278957
142921 142653
139962 139785
310854 311257
106545 117960
178803 179146
233943 230657
52521 52029
310383 310002
148811 141088
167028 164535
163219 167147
14827 14971
49369 2924
35009 18320
127767 127846
179245 179380
10798 11206
9053 7928
227576 227297
258112 258501
4714 7503
194916 195403
195486 190045
30879 20083
249984 250017
30151 36568
163780 160849
315264 315643
143362 142921
179146 178587
36242 36164
320853 315554
232693 234379
27685 27943
8601 9518
211763 223809
231575 237368
225959 214251
264196 264185
164878 162143
114662 105946
244043 245151
29019 29278
71137 63289
220771 211225
36164 23621
162293 163182
226759 246955
257649 235249
60151 60050
8601 8201
176819 176390
129741 132991
14761 15343
237418 249026
141088 148987
180009 182155
166739 166996
46032 47370
194872 195106
40861 71137
169615 168247
233722 233914
269144 268785
214251 236049
163780 161067
239400 260627
13097 10721
233415 227716
229966 227639
159264 139962
24426 24266
280975 268429
161817 162427
160260 160790
140240 140381
53627 52568
39840 35802
68668 74359
76325 65387
174845 175540
5717 5320
72389 48531
224145 224455
168714 168865
252930 253234
58810 59212
228279 236845
238270 238156
35518 26229
235684 236062
10019 12889
183965 184303
161841 162297
176226 178081
59212 61950
54082 59347
4052 23649
68782 41289
173106 173608
220577 213006
163924 163858
163919 161363
3248 2924
8304 5804
54261 54368
52663 52029
34506 7928
132041 145317
47762 49234
30717 39469
46094 72434
116277 113738
104356 104424
73284 66548
201594 201996
73595 73654
11742 25171
235260 227716
7087 7459
167147 168177
253684 253592
32522 20967
79308 77996
47776 49234
220086 223752
272483 274691
135128 135605
20088 30890
226612 246984
63887 71143
72605 48112
167028 167219
164776 163560
161217 165616
26897 28065
167028 165491
52029 51662
8243 5997
161332 165683
140845 148894
25171 26360
236556 239389
239341 239350
179350 189175
25566 25547
66058 65840
47239 47370
59190 60066
225297 213006
138785 138718
68476 63511
244690 245710
236054 212689
59726 57754
247265 236845
125879 127124
169608 162951
268602 269118
59273 59277
49195 49560
57746 59202
303807 293499
178379 178170
258751 249836
59895 60011
61063 60707
29019 29106
195764 166302
243831 244213
46982 47370
73683 69547
30451 29867
225864 210629
128524 140676
133655 127124
63095 63441
56753 58016
52732 52008
5717 4606
69610 69791
36535 29867
270876 270674
23354 22533
161990 164878
243243 243023
218939 219167
127171 126844
76251 52114
160935 163866
199838 199820
47426 47163
115404 108517
191880 192042
30151 30301
124544 124054
129874 133182
55142 55514
12648 37898
130254 130287
68209 72168
31187 31300
268995 268785
133834 127282
251381 251254
249077 248576
269531 269815
23783 23649
152001 141451
33451 30717
45301 45711
212451 211792
230009 230657
229353 228938
254417 260922
288527 288741
8545 7928
130832 130254
236845 247256
301013 290441
3827 4810
45711 47286
270570 270674
214538 210635
29763 29019
214251 222894
75167 75217
36096 37293
164878 167357
207560 208283
238778 238313
43151 72719
76227 76689
128986 122947
188062 188278
233476 233258
213006 211044
156609 150508
72731 51662
226187 236816
59190 58934
130004 133182
10019 12338
227860 246234
58170 60518
29867 22221
231575 232159
133371 135272
243023 242592
127124 134014
275860 276222
3298 2924
223186 256676
5682 2655
59726 59968
116636 117960
5320 3827
272007 269235
162427 162228
252313 252433
118097 112792
222094 222620
72074 59277
62099 62261
212451 212567
185775 186816
18844 35330
195126 195486
45735 47163
188278 189243
34326 12648
10798 9672
9302 8510
167161 168247
230588 233258
156333 148960
212689 211962
280181 274798
251916 252433
249604 250017
229082 236980
190706 191140
164452 164878
163247 162427
214251 213190
127124 133633
51662 52123
238323 257998
45520 45908
123075 122947
268850 269396
13041 12208
61418 63910
52732 51960
71456 51662
8601 6046
30890 20218
268313 268558
151129 158218
144140 124087
207403 206031
120831 130392
199657 200008
228242 236845
164112 164813
163778 163679
12339 10823
30747 37084
104646 271518
157345 148790
249733 249968
108000 117960
71144 71143
247637 246593
140261 139962
32522 21166
8421 5909
52730 57563
269419 270202
231347 229082
249026 248474
41022 63491
29019 29131
10792 23649
140646 141060
228398 228813
35318 18610
227957 228497
222094 223891
278970 279660
253684 260827
65757 65378
201996 201521
68078 67948
224455 219992
10721 9715
230017 230657
106542 117960
230657 230571
63676 71143
321020 315696
196091 196216
191880 190856
38058 35518
276222 275634
129573 123056
227576 227303
48943 49218
123013 128754
127124 127530
7503 4923
58142 60707
24000 35571
35685 26876
31457 18735
150179 150128
228132 229082
18563 18500
126112 133761
241783 253684
133990 133761
254028 253684
230657 230357
75417 62711
253665 253266
48221 49039
122973 122859
190435 206867
275404 276222
236556 240018
164617 162129
8096 7696
237217 248969
49195 47701
232691 231575
46715 47163
4835 8096
73284 66779
125441 127124
37402 35802
164878 164556
305057 288741
167974 168764
161363 163940
311439 307526
316028 315742
221182 220086
160761 160796
207403 191792
229082 229184
59212 57526
23306 22397
240686 257916
168247 166902
31187 34107
123056 123345
58449 58999
58964 60151
188221 189175
190705 207560
170007 171455
271040 270786
195510 195620
176390 176842
74103 75167
34498 1634
5682 6173
44336 44432
167578 167147
35103 38330
119280 141451
53641 52937
57563 53991
72168 68014
246984 258440
167147 164517
166996 167453
164878 162632
256980 240831
31596 36892
139161 139443
150458 159055
203222 202029
135605 142329
1626 3336
47051 47370
165980 165877
6950 7080
51882 51662
29856 30031
218739 1150
123056 129264
60518 60373
190809 207560
22371 23306
35367 25566
31206 37084
35802 25071
110548 114061
5635 5909
5800 5997
126277 126844
157442 141792
252861 252729
41324 68668
18508 18132
236556 240522
28786 28530
319398 319485
244690 246069
63264 63316
52732 52256
228556 230808
45527 45908
251254 194800
177566 177283
76227 69350
231575 230908
187041 188423
247030 226759
220560 220494
184246 170177
164168 165877
140845 140363
52537 52732
118097 113096
74662 71011
71011 54215
140603 141060
37008 37746
73679 69610
177726 180997
195295 194916
158829 154167
270811 270990
254962 244847
37393 39843
195185 194872
28065 26901
148214 153603
59726 57681
59627 59277
10662 13041
4461 7233
65470 65289
44336 44414
256456 246815
56328 54261
212270 222094
226771 226759
299036 299173
203251 202203
164878 168241
223040 214729
166849 167028
48101 48531
180878 177566
201222 201996
228497 228514
47370 47035
16855 17729
310194 310383
132991 129737
194872 195435
161000 163924
142921 142765
184303 183702
165877 161059
132558 132030
245115 246984
269089 270199
198957 199399
8788 8510
9005 8601
214251 214211
268867 268558
73284 66816
3595 2924
