21181 37785
242841 243831
25754 24318
165877 167590
7928 10242
257280 251377
11064 13746
239039 250017
18266 35330
232434 229082
59530 54332
167028 163070
232696 234379
108768 108347
31596 29767
53676 59277
108768 115453
208805 204045
162123 164813
5991 3827
49195 46722
35936 25171
20721 21105
124819 126855
232649 238204
59663 58879
269604 268558
206831 203791
259811 243831
13966 11200
289926 301992
139161 137388
131558 132991
162481 168247
190582 204816
228813 232201
25566 23353
244317 246919
164757 161841
192262 191714
65821 66058
269753 269235
260781 232734
310854 309957
164288 163866
57741 71011
37962 68223
217076 216793
126421 124819
211083 220518
198059 198957
9386 8399
223801 220933
144382 123841
60707 61218
19520 37746
236701 229353
9135 8096
57455 52732
249733 256709
34003 27685
314180 314631
74842 58999
317629 124819
180041 181699
65470 66621
25204 27434
212689 211531
237000 248969
177566 176903
243050 244526
168337 165562
22574 24395
271474 268602
13041 9851
61484 59726
124819 125871
236556 236164
29219 28065
237877 238204
137843 138418
31238 30717
8510 6016
9009 5997
69187 76227
193818 193185
245401 244526
142921 142614
71950 66575
211083 211420
131491 152772
168984 195764
228497 229007
56249 54082
273416 273920
259240 248423
227840 227860
177566 176637
18295 38413
5550 7928
219779 213006
235076 250017
211083 229493
163560 161129
60485 57962
164093 167028
55927 56129
250017 249773
116592 111224
233840 233258
161067 161363
200419 201595
270548 279626
143642 141792
26108 2800
238156 238334
20461 12648
3683 3827
35009 35304
244526 227688
160770 165877
151980 135605
28005 27188
7795 7928
10138 8399
163866 166546
242775 243831
68668 41764
207432 191880
42398 43194
280103 278813
228688 229101
47163 44903
67235 68028
244690 258565
157346 150179
49218 49020
36164 28917
11064 9396
163504 160260
23024 23404
239350 238268
167147 163675
214091 222094
25400 35534
3604 4588
38234 28065
248367 236917
51757 51662
192877 207403
7928 7435
227608 229966
8399 5574
37393 24897
34094 31187
63833 64162
166371 165628
317539 318096
244847 246965
210497 233601
236917 236708
92822 94930
256178 227137
251999 251376
270878 279280
7261 8399
24831 25171
240204 250017
132837 133371
179245 189215
59895 60973
68849 75167
8399 9581
7505 3827
135128 139072
213344 214729
22701 35330
22534 17156
52011 57746
212237 222094
163888 160796
252433 250230
46335 45021
167147 162186
249573 237389
161217 163993
236845 246510
211083 235309
46191 42273
38413 36924
73621 73986
223399 220513
50494 74314
244526 259150
7459 8430
55142 55200
191090 193818
7080 4074
174987 176390
8096 1626
213685 213218
17729 18489
229861 228688
271805 269205
7928 7269
236290 236077
141060 148974
203791 205143
68668 63564
17768 24266
12648 20546
148790 149155
8096 6036
228813 231598
134988 135605
17035 14971
51662 52052
17401 18610
53627 52303
35802 34552
167147 161981
8601 377
164470 165562
165628 160921
248256 236917
37962 19824
73284 66974
24770 24318
228285 231575
49824 2924
257172 252930
219076 1150
132558 136692
237007 229082
134069 126310
59895 58062
162992 164807
38413 31907
195510 194877
53641 58786
236943 227860
133182 131304
224649 217901
278482 279465
126343 124819
18707 35330
148790 148924
69070 41022
258358 258112
214729 225001
127124 134418
163679 167140
237699 238313
241815 254404
237554 238156
253266 242024
151129 155750
167722 165912
35815 25204
8510 7856
39390 31550
252499 252930
5997 8736
248576 248097
10421 10721
13700 11064
108016 117763
54021 59726
17729 33420
4171 4650
213180 256543
5202 3795
114954 118097
135605 135277
118140 116312
127331 145317
41022 68498
3795 4312
59212 59342
141849 139161
213006 222568
218375 216764
243831 244321
140734 138289
30879 16114
193210 193818
110390 106769
15343 15933
5017 8601
141088 148605
244228 245736
23024 35411
31550 39397
13041 12168
14971 14508
149641 140216
251254 251485
224649 223234
54082 60197
290838 288741
246224 228556
252433 252810
225969 214729
148960 148702
53641 77156
162876 164878
165838 195764
247918 248576
148790 156229
9643 5909
8304 5448
22867 23354
56355 71011
194116 192441
193413 193630
168028 164878
108742 117960
147937 121148
22221 31550
10823 12995
75365 73654
155600 150508
69625 41786
21440 20721
133403 135128
140845 141381
47239 45908
196124 195510
23024 24523
24000 24241
162326 169434
45732 47370
34868 14888
120177 132558
106591 108517
29856 31760
126854 126001
164813 163541
204714 205303
202029 203265
60151 59464
216121 215166
65893 73284
162279 166809
120831 137749
8345 7080
250017 239363
137502 138785
8601 9890
258733 249026
30498 39836
232417 237389
122947 122689
54261 59348
191775 201996
308746 311661
52029 57158
9891 11064
55927 55406
224455 219325
257778 229082
133457 135128
212137 222094
59684 57319
163182 164768
56084 56445
214459 214073
253116 253684
30498 31170
62999 75417
71143 61345
10613 8510
170753 178507
23026 24318
225296 220560
260781 231611
8790 10721
275136 279280
24309 24318
240947 236556
224649 216033
58295 60707
66058 65412
139962 149012
246984 226221
290565 301992
23024 23999
202198 201595
67107 67978
10653 7928
234054 235249
62480 63421
231575 228476
126844 127669
47370 48183
41286 48471
128556 140816
59895 57606
163560 161018
30592 12648
3430 6280
238204 234325
23024 24283
154552 132558
59434 59190
222471 213006
127124 134640
59663 54167
58958 59895
53083 52732
159055 153963
62765 41041
1751 2636
220496 220086
75958 67235
7928 6158
17729 17384
165562 166817
228556 229402
233258 256832
275 15343
243831 260516
222094 214349
129562 128754
2924 6986
226161 246984
15443 13888
134069 133804
23024 24366
204977 207403
4294 4650
57356 52732
223186 239723
269685 268785
238496 250017
10798 9432
127124 124188
228821 233914
140734 140035
13041 12543
275350 279660
210497 211269
165890 168764
24318 24192
179146 187981
45291 46191
138785 137451
133371 136049
22881 23354
50808 56753
29922 29019
244847 226350
151328 131491
163866 167671
236845 229193
201761 202119
127310 132781
52647 51662
13041 14015
244609 243831
163924 161265
59530 59835
229353 231564
227288 246984
142819 143279
48112 45089
127786 121396
194941 195510
52468 56753
72168 75086
5717 7145
184268 171553
253821 253707
214487 214277
281117 269741
67235 66224
220560 229495
288741 302099
42708 41286
244968 243831
210497 223723
213006 226117
28065 28567
37962 68264
5682 8863
161795 162427
71875 66058
204936 207403
249501 238313
104782 101773
237816 238313
194116 250734
18794 18132
203791 204721
237642 250017
177538 176795
209110 208595
162704 164878
67628 64372
120831 151338
257324 246984
3623 3827
68856 68668
76429 47567
204896 204553
228688 227668
35450 25171
231575 237708
161741 164878
224398 210819
228688 236823
258112 247117
227716 232838
236187 235249
7653 5682
214487 213642
10798 12067
60621 61770
310211 310854
133472 135128
7580 10076
8090 7080
234047 235249
276222 274804
57746 57665
230286 227716
215166 215799
128754 122144
248935 236816
141792 139764
163866 161087
280247 104646
144996 144382
10721 11804
279025 268602
15443 16451
119032 115453
149641 155859
3018 4461
220519 211763
150275 150508
119032 117887
236845 249000
260781 231247
167664 164617
76429 42177
264397 266428
192096 196484
249212 260781
40132 31596
150656 132558
210819 233427
150179 156541
215166 215854
220933 210378
59190 58463
60485 57193
36164 28728
184357 171553
256568 260627
130868 130254
301013 305043
107356 117960
13841 10721
248448 260781
59277 53518
221773 220501
35330 23709
160089 161725
3827 5426
124943 125014
220240 213006
60621 61176
223186 239854
134097 126854
138785 132359
207539 207842
220513 211452
189175 187159
260969 238313
232249 229353
19827 37962
46191 48085
64372 66514
221428 221880
238132 234379
28065 28481
126366 132781
57300 51989
219917 211225
27461 30751
12190 10798
54803 50100
113978 116970
165667 163866
47918 45908
272483 275038
53946 59726
231575 230760
3827 5314
109411 108768
4461 7365
227716 235540
238693 232393
319732 316245
192989 191880
229041 251999
163866 163562
58307 60648
212811 214251
18508 17435
197933 198421
271978 280975
16595 17729
201996 200534
46930 45908
201086 202029
129361 122859
246793 228688
165877 160789
135616 132991
142921 136047
249294 250017
308746 309924
238156 249781
122052 123056
235659 235684
250810 193413
13041 10598
36102 29019
10798 13980
293975 301013
37293 26442
153729 155048
233258 233959
41286 42479
23649 25432
154257 121148
217620 211763
290305 288741
71011 61861
256528 236816
123273 132991
168605 195764
146264 146745
251186 194116
237610 238156
63316 41060
239350 240044
37962 35164
11536 5997
207517 205303
65470 64791
244104 246919
3795 7418
4815 7459
213006 221279
133182 135451
230798 228556
216584 217076
195510 196130
66058 64853
214251 213108
225304 220540
216411 218086
161401 163866
58562 59684
133977 126854
251141 251999
161921 165032
29856 36425
71143 60905
234379 233852
269815 270019
213006 215479
67978 33815
226233 243831
74519 48112
236096 231575
217169 222003
144382 144116
11999 36164
31193 20400
54297 59663
310854 310033
214073 210418
2970 49690
14210 16692
247239 229082
131893 131343
8914 8304
270202 268554
279549 273555
260627 237962
268558 269740
141212 139962
5395 8601
242479 243831
230459 228556
197878 198843
195265 196115
259240 248413
31550 30058
244526 245601
67235 74978
121148 146159
7928 8911
149040 140845
131941 135605
249733 249602
257807 236816
3166 49218
269396 270162
229353 241498
46094 42250
175703 175489
38939 31193
57965 57563
160758 165628
179298 179146
155521 130254
222783 220560
48265 41286
5682 4894
260497 243023
125058 127124
164708 168247
231127 260781
238204 238317
10823 3236
104646 271882
176390 176162
57680 59726
67978 67275
114978 117960
195706 194895
163786 164878
167526 168764
7503 8351
19163 18132
248576 248296
203205 201996
179302 177961
247346 238313
60087 71011
248969 260880
71475 53641
7094 6873
236917 231176
29867 29026
21197 37746
10673 8601
48315 48050
133335 133182
237853 249679
66058 65677
131811 131893
260781 257137
269317 281117
231575 234445
163254 164813
231575 232539
206976 190435
75321 50320
269396 268439
73284 67153
9569 5909
271618 268602
36256 29867
245082 244847
134361 145317
223271 218030
251999 259349
228497 228233
268040 270433
227588 230657
152246 145637
230913 229966
165464 167028
60485 58372
195764 195688
71950 71211
24266 24588
18508 22389
3795 5797
140369 148790
78205 79308
127124 134253
125203 127124
184466 171553
19969 68314
155074 138007
135421 133182
243802 244526
220513 221323
244526 244368
131893 138472
164802 163182
203295 190435
221773 210507
149641 149868
36200 18508
223186 240577
201996 202590
169535 165628
8096 5156
165562 167456
60523 59895
236854 229082
126710 127124
57968 59726
126903 134069
211225 224064
242811 244526
319732 315532
131770 135128
193413 192631
246984 245280
11818 10721
138418 140974
5717 7460
184214 171553
220086 221444
274255 273416
229353 232352
123348 122859
18381 35330
279694 272157
250017 257851
132991 129201
279611 269695
245909 244526
252534 252433
259475 210497
238694 232393
208595 204442
23919 23024
3340 49039
119687 147881
227860 244726
252729 254201
193715 209073
260781 249410
165242 169608
29867 29456
150238 150179
165904 161332
301445 288741
24318 35594
168764 169380
93078 95050
7094 3091
162322 166796
36381 25171
164863 161841
7349 7094
232161 233258
197967 196371
249733 256568
176271 175703
269695 270691
129068 132991
213616 211763
135532 142613
191714 207638
56246 59530
52732 54192
210497 225273
235592 194116
212364 212689
69610 74713
32128 30151
135128 151948
48050 42276
71011 60148
238575 238204
228287 228813
117763 105944
201763 202233
156359 140734
37962 71698
37962 40069
45881 46926
59726 61111
239350 238435
251152 252930
4461 3123
66136 65387
229241 260781
211752 211083
213180 225425
264397 265367
235168 234379
225331 225168
246984 226339
14188 16692
54026 71011
229719 228556
75094 73654
223591 220086
188278 178561
238313 232199
135128 135780
46637 46191
260922 244945
243831 244410
164120 164878
47582 45711
113125 118097
238313 238011
161541 166796
74137 76227
20089 31187
30879 30515
221267 211763
259379 226800
138007 140824
248207 248969
235199 238323
161363 165152
76227 68686
220759 223728
231575 259267
49039 48150
5909 9113
127424 132144
244043 242564
250218 232794
249026 237811
23928 23024
159592 120831
211225 212284
316732 319344
8510 8679
29019 31770
9327 10019
26383 35802
3827 5179
94930 93091
57746 58334
256015 250218
224192 222094
201996 200625
231575 230753
234379 237834
309953 309835
57503 59190
268602 268155
59895 57996
252433 250804
235249 211685
134128 132144
213006 218987
155048 128958
228688 229741
133584 127566
66531 65470
7503 6793
6280 12209
244466 243831
60621 60812
230649 229966
141864 140734
165562 199369
231575 229116
228362 229082
205243 207560
37962 33449
126006 124819
116312 112012
129021 122859
252729 251761
130254 136775
146273 132144
239295 239723
299036 303450
76002 66058
233258 234839
74914 72168
5583 7928
138007 158463
130745 130254
17823 17729
26974 30717
59895 57466
249905 237853
146264 154068
257280 251058
163673 160796
227755 244690
47200 45711
204076 208805
7771 8096
162895 166796
60934 59895
2429 21338
123285 141451
61059 60485
148708 139962
59978 59684
