270976 270433
249687 236917
76385 69610
171553 183633
225682 257670
234318 248576
273905 280773
16692 34968
138357 131893
311106 312082
244526 227238
254544 252433
160796 160150
107337 117960
239045 238313
222094 211515
134642 143936
233258 255939
222894 214487
55407 54803
132558 134326
8601 6484
14947 15343
14880 22534
236845 247117
195764 209366
254086 252930
211435 214729
118786 141088
214487 210678
3457 67235
12939 8510
10624 10076
162992 160244
213436 210819
35518 22290
168764 194924
235684 238219
68052 37962
257786 214073
149641 138730
7029 5909
139962 138494
167147 168835
27789 30151
146226 134069
244526 260091
66603 64372
111619 108768
51989 74629
194546 251999
177566 174881
307832 308923
28581 37293
233545 237853
51976 56753
163866 165841
236894 234379
57563 51791
10149 7080
20288 31193
163866 163264
220277 219167
166206 194872
148309 154100
126854 318108
168453 163679
187316 169976
59212 63745
136154 133182
227052 233258
67978 20270
183540 171553
168764 163966
11064 7603
210819 230602
2955 5909
262072 264215
168957 164617
235892 260627
130869 128719
195172 192096
244144 260922
59738 51662
233258 235524
238313 249410
203791 190834
208465 198843
227543 225303
126854 133356
226759 246852
259717 236917
163284 163866
149211 149641
280773 272976
94930 89975
7928 11812
109835 113903
207731 204896
255976 230657
28065 25076
244665 256456
260781 234378
1634 7445
11064 8613
176390 186708
225579 210819
225498 213180
36164 1865
29019 37445
231921 227860
260781 234012
138583 138418
192027 204896
161363 168488
124943 317548
166796 166072
17676 17405
269656 279280
236556 238265
227650 229353
239815 217409
192096 199715
260781 249808
121148 143925
214073 235453
28012 27685
124435 133761
28356 31550
166613 163182
149641 156246
56800 44044
45881 45100
75417 62210
159491 145461
10798 6195
12155 6386
192096 195554
249733 260637
229966 229344
241054 238313
152931 124091
166423 161217
160260 166803
37746 20185
212193 213180
23128 35534
236816 249144
246984 230877
140845 141784
164015 163560
25311 25171
280773 274636
23719 18508
211635 214251
171191 172825
199657 197777
7581 3827
248869 260627
141495 140845
128949 132991
58923 60485
30151 29437
6198 7094
238156 259055
185098 188274
5997 34559
3795 34501
115787 112334
189175 187165
235684 210432
50263 55142
132558 152889
133182 130444
229353 237639
49638 3827
14971 13291
8583 3827
130492 140845
23024 40258
257672 225682
221880 220996
48002 41286
7477 1634
165912 168157
28191 27685
229353 234517
33504 27188
213180 236424
241823 244625
139996 149641
168764 167969
141088 138511
28065 33944
141792 143387
278521 279465
36164 29949
228556 245824
246642 236917
144382 127038
144930 127566
135518 127293
72168 19573
3974 5682
221255 219167
73986 69218
17729 14251
190089 191880
35534 17087
137672 108768
16226 34897
109473 114613
30165 28065
160796 165736
34897 15971
249836 239272
139161 149084
132558 154320
16206 35330
62099 62535
35534 35412
228556 226549
218110 216357
73654 76679
36384 27685
91944 94930
132558 151906
55142 55941
6032 3827
109473 137677
225574 260299
212302 214073
37416 27188
191051 203791
246574 246984
27482 37293
163924 195821
154294 159631
285137 283227
168397 164878
31596 29616
117960 130762
54082 61126
3795 10143
59569 58999
228556 242851
7503 9041
75253 65882
15443 34841
47124 48112
208561 204896
16692 13980
17729 4051
234007 211763
33476 35685
173493 176390
59895 52607
221880 220870
189348 179146
167852 162992
230798 226759
167628 194872
141060 150243
235560 214729
161841 167546
5162 3604
55326 55119
221307 210819
167553 161217
132991 125671
131491 135855
73654 41430
49714 48112
228688 245771
67073 71950
195486 208489
226514 258112
234473 249372
36164 22069
191011 207842
5997 10759
18552 25566
231458 228556
211763 219919
30151 27738
239089 238313
193736 191880
12321 5997
54398 51662
33770 35009
159491 121003
14148 10823
196101 195891
134017 121148
163182 165504
161363 167643
141792 141098
34868 36320
66058 65574
52029 54125
164878 160125
160803 165912
73683 51569
229256 260781
137510 128550
252433 194579
162992 160493
227860 233721
127124 124132
8380 3827
115189 118097
5902 7459
124819 126273
91859 94930
142921 136680
235386 230657
227860 244790
71688 66528
247143 260781
69079 41783
214487 212504
108994 117960
213180 233490
63107 62099
154504 157800
46191 48957
149855 139962
139161 142044
260908 228556
255462 260922
167147 165984
37393 27913
248703 236845
308746 308401
19235 24318
260781 246801
141060 109062
214251 235021
190435 201512
49195 4303
308746 310106
230657 229313
56128 73314
56753 51868
260922 245303
35330 17228
16142 34897
229554 250218
234529 231575
165303 162992
168714 165667
178538 178990
69936 76227
168714 164272
13041 6291
25033 24318
165912 160234
75316 48112
35685 30075
34897 16012
195816 163866
3230 47163
120831 131634
238313 260612
10019 13978
203649 207403
222094 214217
220522 221880
5682 9700
150179 159065
226759 246763
52732 59453
26015 35518
179582 179146
125451 134069
27685 12236
168764 195369
7053 5997
152879 119687
105946 115777
159251 138418
233258 229238
258112 228101
152080 141088
177538 175543
139161 152304
139962 149394
30633 30879
10947 5682
260627 239543
35330 18212
162992 164220
47370 3538
139327 120831
221257 235249
242444 250017
55927 54711
221773 213911
231681 248576
258619 236816
161368 168714
220070 250218
70070 66528
15443 16589
148791 139161
53662 50635
236845 257140
280592 269815
214729 214005
124663 126844
258605 258112
46093 45711
258604 226759
55326 64493
122947 129948
23622 30151
244681 226759
158829 120879
227589 233258
246187 236845
225739 1150
62765 68624
132975 136102
242691 211225
60621 64218
240003 250017
163924 164988
214073 212489
165094 160796
11064 6059
27685 28188
149720 141792
55326 50305
45331 48112
212451 213826
60707 52656
7459 9698
228556 244614
62422 71137
168442 168247
139161 132432
239382 248969
249733 260969
62573 41128
132991 132688
7275 10823
52401 60707
228556 247697
56429 71011
37703 18508
202203 206659
164578 160089
66528 67122
194624 252433
214073 212737
211763 222940
234379 237193
233866 227860
239295 259645
125835 132991
120831 129962
34897 38128
11064 8581
244526 258602
237912 230657
68314 20237
158450 120831
5997 12455
166370 167028
46191 74398
131893 130562
7926 1626
135605 131346
148790 137467
52732 55993
45881 76753
161363 167065
228556 245958
246984 254276
168764 163698
211177 235249
190861 207842
179528 178552
17200 18508
60792 59190
133023 127124
140381 151327
130254 129058
47163 3314
141527 139962
5997 11423
7928 6988
236917 232392
61926 71464
117667 108768
233914 239171
254912 227137
260791 233258
35802 26838
228556 260789
218505 222094
196216 166543
223186 235125
178081 176064
228570 246984
231575 247736
210497 235836
252089 194116
64896 37962
24630 25171
71011 53225
256395 229966
27580 24266
29019 24618
260781 235024
132991 122606
124819 133864
158565 117875
17729 23401
48419 43194
3943 3795
154981 153603
250688 251999
12534 27685
260627 236202
73986 74073
153287 145168
4267 10076
39181 30879
236816 232280
141451 129321
11064 14230
171191 175263
11064 14740
233540 225303
53070 59277
164581 160796
233174 236290
231575 228108
135233 132991
310217 308746
227137 244642
234374 233258
213006 221649
41128 62585
317539 124846
224500 225682
27321 36164
30879 68293
9586 1626
250563 253266
116601 111199
38330 42442
30879 32488
10823 14155
204896 202338
233947 212962
140916 120831
209117 204609
73314 61926
231586 210819
213392 211083
240197 231575
28951 27685
27018 24266
210819 220364
126854 146159
6386 8705
231443 234898
124809 133834
168714 166940
59530 64836
165912 162123
270372 268125
213006 229531
30879 32650
149641 139244
225125 235249
161363 165500
163886 165562
177516 177961
196541 196115
37293 35673
163866 166461
212780 221773
30498 67839
115270 108611
14064 10823
157660 159491
203612 207403
31596 27973
210819 234878
231646 247248
195620 161363
138007 140351
236845 237518
163866 168444
59684 59627
59081 56753
191140 193413
56800 50690
270380 280975
125742 132991
14877 23306
77287 64372
234131 228497
271517 269205
24318 23685
71830 37962
165628 166978
238204 239028
214073 210908
229966 256189
229353 237886
67978 36695
194872 165702
236845 256268
204849 202119
49412 8096
211843 221880
28011 36164
5997 11463
158736 140676
253821 254599
8865 3827
221880 211542
214073 223052
244526 260108
74256 67235
117490 108768
1751 32575
3897 49218
229264 233258
160796 165184
18132 16242
10607 5997
253821 244087
22589 16692
248113 236917
167028 165584
237556 236917
219167 255905
178379 177919
260922 255141
227626 245736
192083 203650
71508 59895
254719 253821
235841 214729
214037 210819
250224 252433
238476 236556
164617 166081
139879 139161
108768 109389
17429 14971
138087 148790
256757 228556
227860 232496
246287 236845
53641 61860
18508 25492
51989 59150
230830 226759
221754 233258
159491 154609
6853 3795
5682 11037
5682 2853
5668 10823
55326 76292
165912 163244
167546 163866
76389 75167
207403 208540
280103 280790
76672 60707
77002 65387
48112 47135
163496 168247
176322 188977
17938 14971
233258 211314
128556 108051
10076 11135
144382 126465
267120 273964
139860 139161
16243 16692
29425 25171
235854 235249
149059 139962
167952 169380
195799 161217
141792 138701
56800 60900
119801 135128
167329 168764
129488 135518
148790 139185
238061 231443
71011 57160
24852 37293
238438 230657
128164 108768
112576 128550
249131 238313
237475 236816
30151 1527
16692 39275
223714 230657
135605 135537
214487 212015
118097 105823
212451 211985
59684 71455
207560 191314
8122 1626
244151 258112
1751 32779
203899 204896
7687 5997
25171 27157
177966 177566
75597 69610
64372 65751
29019 27253
16554 18500
154592 132558
146036 153287
23306 22252
62099 62458
135128 123337
229353 246033
19249 17729
3795 9637
30151 29475
220560 212579
35802 24648
45881 48253
133939 124943
7094 10148
217076 214965
319732 315187
166084 197967
160887 163679
168466 164813
228556 232668
118097 116232
139381 120831
312082 311181
290653 301299
186816 185507
48405 48112
8373 3827
127124 124671
236845 248316
164510 163924
228813 237612
36164 26572
231575 237133
131305 139161
214932 214073
130468 135605
35053 23024
53863 59895
213084 235684
200900 202119
229966 239209
138259 149641
139161 139759
245945 236845
179453 185139
278627 270202
108768 137654
148790 108985
139161 132139
4289 8601
31942 29019
133182 133717
28065 29875
38374 1751
193984 251254
222587 222094
37293 28688
166998 163866
201935 204896
133761 126325
3381 11064
128081 138418
29368 27685
57882 59684
254082 252930
165562 162304
66528 30504
116970 114260
168247 168503
119032 107381
139962 130791
240087 228813
227860 232105
210284 204896
248576 237421
126303 144818
228688 249276
18272 30879
201996 203754
238537 220540
126036 127694
184060 184303
117960 128049
152115 148790
135478 127124
48638 45021
250218 227171
17161 18508
220677 233258
235167 210497
260781 230008
59895 61759
249133 247248
45711 48572
168861 161363
139561 138418
35534 17316
149641 156233
162279 163429
165562 167170
29019 1244
204299 201996
249026 247171
168537 169380
10019 7891
246984 229168
241416 236845
15829 18132
41788 73683
60707 58436
233258 232736
35534 35349
123148 131491
222094 211231
271682 269815
247248 231293
27036 31550
17851 24000
34897 15866
159112 127124
134701 136102
25566 8044
149120 118097
276466 276758
6386 12579
260781 249446
236794 228813
6507 13041
45299 48112
268638 270433
10823 12743
273134 280773
52634 59895
260922 244032
204896 192513
145397 127124
268785 270507
108611 106902
213180 213613
184303 183479
21609 17729
168764 163912
35330 34907
43887 60707
60707 54034
272106 280975
204896 202332
111263 118097
133488 142921
213198 214487
192083 203403
272161 272190
251999 252767
133500 126854
315268 315428
227860 226379
135128 143174
24318 24786
8510 4474
258511 228556
252433 253048
13426 11064
64495 59895
255870 220540
184550 170052
221747 221880
60783 61926
132558 151895
233258 231899
11039 16692
69548 68668
135273 142819
3827 49277
53714 55326
2020 2429
195486 197842
250502 251999
160936 167028
141060 128315
45680 2924
250032 260627
10417 7080
220560 212163
249733 248684
219167 220132
271919 270433
62765 68607
109875 117201
128604 149641
48112 43055
154863 132558
56800 51663
165200 161841
108517 117353
133182 130441
229644 228688
59212 58154
22821 14971
55326 74615
27241 31596
213180 234635
163560 165148
151712 159491
210635 225798
249026 257419
232326 250017
45038 43194
280975 279020
141792 141035
161217 167812
5997 9364
122947 122226
299036 305948
207560 191291
10823 14337
193041 231145
228564 258112
192083 202376
66058 56489
221880 220617
55151 50320
165636 167028
233670 222094
6345 7094
126000 135128
52771 56800
30560 20721
36164 25241
233318 231443
159491 150986
226866 229353
210635 215579
234154 236917
232460 238313
79308 77675
61241 58999
37426 27188
231598 233914
137848 140381
253684 244858
168247 168089
236845 231690
152557 127786
57797 60648
59895 60223
160699 168247
242467 246984
215012 214073
237853 235607
14580 16692
65387 71974
250017 249213
255079 253821
243831 246957
268023 279280
59895 53646
47947 45881
166572 163182
137804 130254
126303 145086
280103 276946
1634 11563
249026 256621
244043 254028
61555 59684
168247 163961
193999 207560
194116 191361
24458 35330
196551 199433
140389 149641
15137 17676
