258648 250017
59212 65966
8601 15172
210819 224235
214251 232390
190977 209117
63837 56800
71011 64014
27574 24318
173277 176519
226759 220004
249026 246046
55819 7928
109118 149641
43194 49131
138073 142921
117932 127786
122947 138203
67235 67735
108768 139351
194019 192083
122947 131621
1150 220902
3827 10204
54574 67235
280773 275808
11064 16670
260600 227860
62099 52566
67235 39618
65387 67697
57057 56753
162402 194872
221880 210951
55142 56492
240953 228813
28161 30151
171542 184938
205107 194116
41652 62099
117960 130971
65387 51309
130291 155048
169380 160306
171925 177566
139853 118097
61947 56128
221880 214191
149641 156263
52732 71052
6648 16692
14218 3795
242622 230657
117960 152114
220513 254649
5936 47370
61687 69264
63335 56800
230264 222094
59304 66058
246526 233258
251254 243870
231531 243831
248441 260627
67235 30759
124819 144912
213180 229693
244526 233698
181459 177538
143817 124819
246984 234223
73654 63014
979 36164
229335 244043
18217 14971
195106 169380
221544 229966
213180 239267
231575 257929
256597 260781
72071 66058
49940 54261
217076 215667
138181 108768
123089 130254
22038 14971
15787 35534
244279 257280
234759 249733
275399 280773
23252 38330
71011 72913
161217 161237
244690 233584
252433 227202
66528 66573
162992 195731
125771 142921
260627 259621
224960 229353
53460 65387
148790 108878
135128 152500
277882 277275
213006 218575
220560 227402
140759 108768
22883 28065
156564 108517
149641 137102
59286 66058
23686 36164
169380 169634
106769 114270
71011 70864
260922 241668
235897 249733
252930 245492
16692 24708
257280 244851
221358 228556
17157 11064
252433 191244
43295 45711
233258 237475
244136 236845
36237 1150
27685 38320
214096 233258
222094 215463
251999 246933
210819 235755
139161 152569
213362 224455
45395 1626
122947 130958
124819 136312
235690 236917
213180 218977
3354 14971
221880 223569
260922 243384
245836 260781
164942 197967
260627 230758
225535 238313
117875 137672
239974 213180
127786 129543
237903 228556
148790 117366
5997 14191
23564 67235
251999 193389
124819 134381
9892 17729
133664 122947
239515 214487
24208 16692
74807 76227
227860 212153
1626 48146
130208 140845
55002 48112
228556 242025
244105 252433
226343 236917
25810 29019
233578 221880
216153 217169
126303 131777
127124 154185
7125 11064
130505 142921
4686 55142
133701 142921
59895 63477
17830 24266
142921 146628
142921 159247
79308 159051
244526 257812
205988 194116
37711 34897
229221 221773
228925 235249
199657 203251
260063 234285
240879 235249
32045 37293
268018 270433
149682 145597
18508 13385
17729 66930
94930 90035
141792 134496
255253 233258
222094 220329
232393 214602
76227 76809
160796 167784
222094 218571
34868 10905
229353 211940
118097 140742
70863 65387
213331 249733
65085 51662
64372 20616
192913 204896
143461 132558
224281 213006
117409 118097
62099 64020
260922 241340
154683 109473
6878 48112
11247 34897
260781 233343
33797 37962
133945 121148
17476 14971
308746 311791
118097 117734
241043 235249
73284 67413
255769 231575
18000 10823
246984 232664
255378 228556
29867 218679
223648 227716
253950 246984
250808 260922
135518 139161
8601 14034
74231 59895
258527 249026
5997 49050
307832 311012
159491 126532
27685 35350
45711 75274
34478 36164
7928 5896
31550 35808
279992 267220
17729 10023
137763 135605
247826 249733
71137 64210
225303 244962
65387 54021
68040 64372
205301 250506
231575 243665
141670 151129
9084 6386
14005 1626
139161 136197
234493 244526
153616 151005
151882 142921
142109 108768
71137 75867
1626 44758
140794 108768
127124 122962
5997 15088
10205 56128
71707 37962
210819 232473
191880 251929
112622 141060
9642 1626
230657 220216
236880 244526
213006 237540
156535 141088
115954 149641
203873 207560
18449 38330
127566 143907
135209 120831
36164 1264
57566 62765
19428 23306
246368 235249
46062 1626
149641 130386
253435 246984
155763 149641
1626 10924
186230 176322
158952 120831
191429 251999
48112 4346
38780 11064
55326 57443
111199 114518
56128 65772
105946 116279
109787 114823
23024 36320
223186 217590
117875 137454
18500 36379
10079 55326
222094 219234
260781 227408
249733 257637
120831 148698
149641 137041
153287 127630
227919 211083
30879 2341
45859 7459
192828 252930
23367 35802
236845 226062
19591 18508
195706 168089
49626 46191
132558 147332
112960 105946
23972 27685
128321 117875
198270 169380
55714 11064
250017 213412
156358 135605
224455 257354
207195 201996
35518 30246
235771 214073
108621 138561
76227 48208
221880 213876
45468 7459
251254 254698
260781 246929
132579 155048
151466 135128
252433 190775
260483 252433
67708 68314
301013 289660
24246 27685
21700 16692
214073 221490
212362 260627
213283 233258
184104 187316
239350 233817
16692 9912
161217 168342
47496 10076
132164 139962
23024 13973
54261 60489
251999 191832
142921 123361
254776 252433
127566 123292
196384 161363
210819 257959
276 18508
180263 187316
244526 260439
31673 1150
316732 315592
142921 126521
210497 255959
54744 48112
225392 260781
233258 214758
51278 66058
14292 8601
131607 142921
232393 231638
251999 190221
135419 126844
220825 214729
133834 142480
238313 236682
216987 210635
117960 112123
234267 224455
116343 118097
232621 236845
211639 214073
207842 203590
143282 139962
24445 17729
69385 75417
233258 245341
258090 233258
55200 2924
113098 139962
260764 227860
227576 234277
230338 222094
238089 213180
19306 68314
212652 229353
211740 214073
6974 45711
153616 127245
16692 9809
54805 49218
236845 259139
252688 246984
18508 25067
174619 178379
155907 159491
199635 168714
211083 238539
246984 242419
219167 257202
317667 133182
168239 169380
213970 230657
127124 135801
207167 251254
8601 47639
127124 121217
211244 214729
236330 225303
260627 213254
115787 106635
146264 125351
127124 120874
62765 61262
317809 144382
108517 141061
138844 142921
30879 67877
207403 201375
160857 162992
24318 28272
245070 236816
5997 3506
115178 149641
232193 224455
264359 266424
55142 65386
252930 246913
24318 36210
9136 16692
32241 25171
235764 232393
233258 248093
254986 236845
228556 254512
230109 210819
18038 14971
27685 26093
207403 202695
228556 221374
16909 10823
211763 34290
108768 153701
192593 251999
14384 35534
139962 117712
235684 250038
31460 37962
235249 259410
178379 179600
37302 18508
195891 196263
17588 13041
105946 116125
215461 30151
218879 36164
251999 244853
10941 34897
144501 127124
67978 20613
252433 246161
124819 131479
214779 236556
128135 117875
117875 114666
319438 315268
133834 143855
199465 165562
130420 108768
245322 236845
116439 111199
239536 214729
49799 41286
46950 41286
158397 141060
221880 212748
108768 150139
52112 59530
12851 1626
161217 198117
7094 13261
161363 197943
160199 169380
31806 27188
251999 190116
131234 149641
57746 62616
139161 142896
244526 237087
139161 133531
199239 169380
144382 134534
271040 269486
148790 137005
214729 239787
258664 249733
223186 222814
211763 230716
4650 10797
60100 66058
245902 236917
231446 235249
126580 159491
41286 76643
66058 67976
214073 257676
230657 257542
234921 224455
47163 7053
221880 256112
221754 212962
43646 71011
235249 245093
256426 235249
197624 168764
211763 228945
10091 1150
153287 120721
223186 259164
223186 235272
36441 35330
16692 40216
212803 249733
222130 213006
244526 237650
5997 47371
251999 242685
7459 13015
195008 161217
57485 55326
117960 140172
64372 37548
228556 249176
124819 131739
134995 130254
115787 111254
139962 132484
233779 244526
155822 109473
268805 279280
128510 117875
160404 168764
134069 147427
16692 16753
173372 178236
165562 199249
35009 19957
126043 122947
244043 233258
279280 268604
259228 227716
214251 239029
18618 14971
236845 238273
5997 47142
52509 64162
19608 18508
1165 28065
35518 22088
67235 31099
195698 160796
149855 142921
236845 255946
253684 259977
107949 148790
238441 228556
73986 70275
226780 260781
220833 214487
60707 59551
9320 50320
144644 124819
235249 235138
104356 281022
5997 15412
15805 35534
49255 8510
227153 238313
106769 109694
241343 244526
222094 234281
168714 160027
142921 133289
47683 41286
237389 245908
241855 194116
59684 65795
254280 246984
227260 252930
8601 14774
226198 230657
238166 222094
230816 244526
151588 133182
149277 141792
59537 41286
253821 228579
195956 194872
34868 11136
135128 142169
74291 65757
239316 233258
142921 151338
26308 18508
211003 227860
257280 241318
135605 141411
235991 236816
142217 130254
118097 115076
232393 248411
245038 251999
122947 121670
41604 62099
200221 197967
141116 135128
178081 174975
198582 169380
247248 234958
64372 2216
227860 259400
223186 235366
215242 238313
36164 10124
49320 7928
59212 63895
227860 235577
248413 236556
218595 225303
231443 220874
233998 222094
242708 230657
65387 51129
241677 227860
155449 135128
222094 227641
246984 246007
14082 5997
221880 233609
156407 148790
42875 46191
22877 27188
164052 160089
66058 59934
257890 229353
142921 133709
232651 214729
122859 130652
214487 235964
169380 162312
248969 229957
135717 141088
35534 24700
207403 201785
59895 43705
135128 127915
197667 168764
12937 3795
64896 65387
117875 112545
43194 47077
244526 229996
236845 230691
198901 195486
140325 117875
23170 27188
212487 214487
235577 221880
256829 260922
67028 18508
138886 149641
210819 241636
134421 155048
162244 161363
149641 155649
45939 3827
165633 162992
252930 193247
237495 260627
135575 124943
235536 260781
192628 201763
211195 229353
141060 106464
256758 233258
213936 230657
237701 223186
159491 145096
237668 244690
243121 251254
228556 242200
27188 27899
154913 159491
119016 109473
71843 67235
212968 236917
223186 225644
233988 224455
142921 131659
229082 238789
214251 234992
228556 254643
225303 229202
233914 239192
41102 73654
198060 201996
207403 204441
131491 137988
227860 252843
160425 168247
24849 35330
246984 230215
143370 135128
201996 199230
49907 3827
220150 231575
47353 41286
229555 210819
108768 157036
62729 76227
10146 49234
228145 235249
238313 229493
64422 76227
46191 43200
251999 209076
259712 214487
108910 145597
147031 124819
136953 135128
62882 73986
64372 30700
127124 129861
16483 35534
31596 219742
7001 50320
235904 214073
226381 252930
35330 33815
131832 117875
260627 222848
231166 244526
3827 13875
140278 108768
241046 225682
246539 260922
7011 50320
237260 244526
244526 230692
244526 257756
124819 123817
149158 79308
32130 35802
237355 244526
122435 133834
61823 62099
71934 71950
69610 77398
47757 7928
214729 218504
55927 59926
154374 141060
213180 233082
257280 209595
23306 20144
5894 34868
68668 63993
7094 12020
38330 37747
260920 253684
154859 153287
54424 66058
169380 162407
35802 32080
124819 145367
244526 251988
234887 225682
251254 241821
118097 115447
191102 257280
150515 79308
49195 48337
75054 47163
18508 22966
7928 54941
4356 46191
109835 111731
135128 130689
108143 149641
154433 124819
236845 226758
24437 36164
16986 11064
186816 187119
201763 207406
16692 10049
133182 139822
122947 132401
47163 75317
133182 137222
127124 123322
127700 135605
50320 54418
114575 105946
214487 241030
219664 30151
18508 19675
236556 223006
193340 192083
232393 259904
245647 249026
164728 194872
142921 123173
244043 253276
222850 221880
228820 260627
38330 75326
56800 61966
34897 33895
122824 139161
230657 219378
131123 117875
236510 210819
117357 127786
11064 54600
94930 93924
139127 142921
260781 222843
169354 160796
13041 3069
138491 109473
222790 214487
139962 108669
126844 143411
135128 145960
256957 236917
21805 35802
117763 109438
233258 245569
159491 153657
145147 124819
235249 219489
125382 122947
163182 169689
210819 231591
3099 11064
250017 230945
136883 150179
174459 181228
252930 226633
228556 253924
128210 141451
249733 237008
56800 59494
225682 241032
211763 218652
175169 178379
240041 260781
67235 19979
106798 117875
260104 236917
225031 214073
260781 256250
236290 227335
236166 236845
244526 258992
71727 37962
194116 204872
8601 16241
173999 177961
30935 64372
244043 252995
248022 246984
1626 44899
46191 6799
54943 8096
213006 227240
235949 226759
55326 7845
120831 142967
230749 250017
135943 122947
23759 34868
244394 252433
225373 214729
142765 124943
201763 192722
24318 29038
214073 238462
3795 10547
169380 210129
145084 153616
273416 277005
244526 253549
227137 242774
214073 222986
131964 126844
65412 59684
260627 248239
221371 214073
15782 11064
260443 228556
250017 213098
163866 198279
235249 255614
149641 142372
226750 252433
69610 77378
303700 86712
118097 114809
246984 254435
38863 67235
223925 227716
127124 138801
130980 132991
212758 260627
54491 60621
214729 220731
50519 56800
68314 66459
19344 65387
35534 25210
117875 148764
159491 154098
223186 212069
18508 12906
300533 299036
3795 45654
13041 22425
11064 4078
15443 38280
246984 253666
149641 108187
168641 197967
122304 120831
167028 195447
67235 15121
71950 59449
13417 5997
227860 243290
117875 136914
252930 191192
220355 214073
27206 35330
273416 275301
51857 56800
24086 37293
10679 16692
31193 67928
221478 231575
224623 226759
259284 227860
247545 260781
218219 210635
37736 16692
135128 121760
244413 251254
225312 222094
122270 130254
229353 243278
260781 246744
281117 274397
1626 46674
17729 13625
35518 30447
232975 249733
36164 224845
134833 122947
139962 109848
65830 68314
225749 233258
219167 24992
281011 104356
66058 53882
207403 250704
178379 187017
27685 38071
73683 68993
54233 73986
238313 246636
230657 221321
