117201 107751
231575 220081
145317 127744
67235 58902
208762 252433
116552 118097
35330 37174
34341 235249
45176 3827
229749 214073
195680 160089
208609 251999
259740 236845
35330 31293
41286 51085
31596 211995
24266 26735
57659 64372
233258 259404
14971 27212
18508 36314
319732 316724
141792 112700
50320 61989
66058 61237
309743 312082
251999 227948
256177 222094
116041 148790
56353 62099
161363 189937
108768 128752
133765 148790
16692 29398
233122 251999
17515 1626
31522 233258
32117 228556
17729 72011
236845 252903
165143 201996
237809 253093
142921 109188
55142 8745
142921 158806
194116 226601
50809 45881
64372 56535
201996 209365
120459 124819
155531 149641
214661 227860
178463 186816
219627 214073
66470 35330
148790 122161
243204 214073
246984 240006
249733 258591
35330 67248
117875 123374
76227 61398
210635 235203
225682 255152
35330 6016
259812 36164
189039 179245
59307 68668
27206 16692
214073 237283
316770 314631
28065 226127
35334 13041
117875 132759
108768 143414
149641 147442
207657 252930
31543 35330
24318 67896
244646 249733
216808 210635
30879 35246
37962 64722
49842 62099
222094 227817
237377 253684
58671 67978
11064 3013
227026 214487
168764 204172
161363 199607
117875 142175
54593 47163
223186 214567
13122 46191
34241 38330
223793 229353
182480 177538
20870 30879
225879 233914
45711 13896
212435 244526
14971 19803
61915 75167
246370 194116
150198 135605
18508 51265
215519 236556
35534 74654
213006 254633
7094 57509
5672 46191
15008 30151
67978 22841
8065 18508
34897 7121
228556 213688
65131 67978
141792 159788
236845 242248
74380 67235
249236 221773
35330 11574
2924 43009
128024 118097
114703 142921
62099 69632
227958 214073
252433 203925
53851 3795
16692 10794
244526 214605
27188 16624
16692 20630
195891 209147
55026 8601
36231 14971
5958 41286
122782 108768
49901 16692
121744 153616
50401 62099
18508 53468
139161 150347
246415 213006
4542 52732
128355 142921
35802 9843
204642 252433
138418 112082
57314 64372
204440 253093
44062 47163
264676 260781
16935 50320
189379 179146
27685 223557
211763 29381
108100 142921
79308 141902
214073 230523
236845 219236
55142 61371
142921 152500
67978 52586
228786 222094
43206 5997
314631 314280
246811 223186
146950 122947
65387 43667
9474 52732
14481 49218
3795 55161
18508 66147
237246 252930
4608 16692
202479 168764
222094 31973
279465 272510
223186 219378
144382 122109
200888 167028
253093 234572
14971 33999
18508 67358
75417 59000
108768 136569
211379 223186
76227 56867
227860 193490
15343 64741
259267 213006
8303 48112
138699 118097
30879 19252
124819 119351
53059 67235
1626 42781
12548 48112
139161 121676
223594 236845
15494 27188
49218 56118
41286 57931
237925 1150
252433 246125
214729 237227
260781 258310
142188 127124
246491 223186
110134 149641
141692 126854
74389 52732
65978 51662
182110 179146
35009 21325
70629 41128
279694 272479
58563 73986
37962 26798
54292 64372
252433 237383
214487 227177
124819 140549
260341 236845
113239 109835
244526 222114
213006 254066
212048 232393
10847 29867
68198 55326
251999 255716
37627 18508
53850 10823
214073 218901
32541 18508
198751 167028
250955 226759
115390 149641
241831 211763
316732 315377
149641 158946
260922 30217
214073 245597
46191 5152
149641 121607
21127 64372
34868 55225
37608 1751
227860 225757
1150 234932
214073 242887
252690 233258
244526 194825
16516 34868
3331 17729
48550 59895
76227 61301
121390 142921
251510 227860
38727 11064
225303 252718
246454 238313
57124 46191
253781 228556
223186 256051
159491 124436
141791 124819
214487 224863
316836 278674
276053 280773
244526 257213
41286 56826
67235 39276
278674 314676
244526 193511
76714 35534
25171 9960
255416 1150
315268 318920
1150 212368
248221 214487
213594 260922
302028 285137
174459 171553
201996 166352
59684 3660
256597 246984
3827 53148
61763 73986
236845 210349
31715 17729
66094 35330
252433 203381
221044 228556
248404 214073
47163 8814
59846 41286
144072 142921
246984 30065
257280 260171
14089 45711
19092 36164
255226 251999
246431 252930
48112 43613
51453 41286
64296 55142
301013 284878
71011 25511
143764 124819
59895 67679
35330 65225
252930 206179
227860 259881
66515 30879
7928 58788
244526 250613
75121 34897
45881 55949
131303 115787
244526 224143
150392 135128
14765 67235
221929 260781
35330 7517
113546 118097
17729 10266
129728 118097
66058 57233
1626 14586
67235 33385
117875 129385
118097 143534
27033 13041
196115 162065
259745 236845
223485 223186
23967 68314
67978 64710
48041 5997
3217 56800
59684 42451
149641 127592
267085 271285
60722 73986
27676 18508
66528 21233
72788 66058
2904 59895
118097 130418
154235 122947
202159 252930
55927 66187
55875 59684
37484 16692
236620 214487
236845 219559
214487 247059
226759 236346
29280 18508
179245 182451
22803 67978
77805 142921
41286 9850
146095 150893
145597 111685
70944 73683
285137 285626
189175 189406
154526 124819
66058 63733
51605 41286
11064 40162
116998 118097
151129 133318
1150 25873
64119 64372
149641 156903
117875 141243
14582 55142
61964 1626
67235 71006
214073 1160
233258 251825
60707 55282
244526 192970
14971 19484
13041 64580
174459 176479
7036 14971
29033 235249
231575 251902
149641 136335
25171 10701
10142 35534
7316 41286
9640 45711
254107 238313
57449 66528
12682 35685
67761 16692
3827 74749
122246 139161
56800 66499
227356 214487
76227 41925
131806 132558
241694 224455
118097 152067
192997 260922
201146 257280
39846 55326
185422 179245
184303 171394
252433 234364
251254 247450
79173 142921
24070 1634
251999 257765
39703 179245
59687 67235
130989 127124
56800 62724
58213 64372
41286 3278
214487 237694
137516 105946
27188 223743
227741 252433
122947 151462
259413 252930
42657 8510
72149 56800
252433 255804
34868 67337
228556 38313
67978 23581
7928 48292
246056 214487
149641 133749
52526 67978
260781 219445
55185 7928
3795 56331
54134 64372
193263 228556
67306 35534
58999 7164
1626 18551
38979 35330
119052 142921
244526 212841
226308 249026
55326 57218
213864 229353
191714 245445
253131 236845
316732 315356
16 67807
246984 239220
50320 23278
220715 251254
159309 115787
18508 65337
32021 222094
244526 218573
52732 42239
251999 190620
148983 117875
142921 122273
233914 31708
122859 140348
56800 41225
246984 224853
62454 65387
72707 59212
13387 37962
255621 25171
30879 66179
73986 69278
11064 59416
35330 56040
135929 159491
10752 35330
194636 244526
192083 252028
70808 38330
55093 13041
17773 27188
12130 71011
37293 220894
226619 251999
67235 56311
253691 228556
213006 254299
18508 77356
45711 52880
59618 17729
3795 55461
137481 124819
130254 118960
196115 160487
17085 5997
221773 244653
228556 194747
18508 72213
233282 228556
17729 63202
105946 119134
252930 33575
251722 246984
124819 149352
1626 52735
43403 55142
145317 139054
240364 244526
142921 112790
149352 153616
212564 36164
6819 16692
15895 66528
212159 256456
122947 146025
8508 71011
30879 15792
246273 214073
252433 202400
36164 218556
108768 158130
7033 18508
11520 18508
57436 66528
252930 257431
222094 240632
46191 52121
108768 150553
11064 23575
226941 31596
133882 149641
171553 172657
218051 235684
280773 272311
55326 58284
29328 35330
117875 125961
201298 161217
211192 223186
142921 150122
51271 62099
132225 108768
111548 111199
30151 256552
32120 18508
252705 211763
228556 25584
1150 240883
122941 124819
31596 21594
15608 36164
62099 56434
57409 67978
57972 46191
6223 46191
244526 191222
8404 24318
181025 171553
15862 37962
260922 233990
36164 35022
249453 222094
213612 236845
224073 244526
213006 259841
221053 244526
242105 250017
114638 139161
156372 124819
222094 240696
127565 122947
250017 220414
215332 233258
35330 27649
258282 236845
50320 71964
66058 17958
244419 1150
124819 136783
17729 27881
7928 17820
17380 37962
201604 257280
260627 221398
218692 214729
252930 234132
68320 16692
114871 149641
16692 5425
280773 277604
35330 11456
19845 64372
256057 27188
72893 59895
231355 257280
219786 236845
55308 3827
219635 223186
260627 245361
201666 161217
79079 142921
46191 43710
149641 108346
192083 197723
133994 151129
35330 68389
37962 14024
16633 228556
195845 252433
21613 67235
46191 52621
319663 278674
231575 252590
214073 247406
214487 258436
45204 3827
231575 241185
229353 253997
244615 214073
163866 199757
66019 59895
65387 37915
124819 147009
7125 59895
22279 8601
236469 244526
74637 65387
245512 214487
122432 108768
157082 171553
253821 219663
43811 69610
67978 21339
35330 23613
154479 120831
260781 254808
238313 224015
123025 108768
234292 221880
56800 58130
128317 124819
31381 35534
66058 61140
9796 41286
34897 4507
320697 278674
128813 105946
248656 244526
16283 30879
9728 18508
244745 214073
214929 249733
244526 259315
36770 17729
56113 8510
30879 14715
67235 1949
24448 67235
39820 16692
70858 66058
38330 35398
56800 48004
18508 31214
170295 174459
18013 66058
41286 76610
56800 55853
75167 56968
279465 278682
127468 142921
36164 219905
221880 234361
72736 66058
124819 130710
106666 142921
202404 167028
236972 231145
1171 221880
35534 53355
73986 60156
60707 65516
41286 33616
214487 247856
231392 252433
18031 67978
252433 236741
258131 233258
41286 55304
256959 226759
128186 122947
242626 260781
17828 27188
8389 35330
1301 244847
64372 23362
257280 208772
23843 30151
177566 181816
249884 224649
238611 222094
10798 59372
317962 135128
209117 193383
74543 64372
22983 30151
227860 213839
213156 31596
223186 224730
148790 110224
147794 130254
1150 236068
36674 18508
34897 37676
252930 205206
9992 18508
251254 246332
122947 126306
257280 245515
207732 253684
5997 51387
41286 4782
231575 254882
222094 237317
239863 210635
78965 139962
67978 56575
9772 41286
67978 16906
142921 115396
270433 267175
35330 12563
214729 236578
238313 244935
232393 246827
157572 142921
237904 214073
149641 112091
258459 214073
59577 5997
214729 218771
251999 226989
64025 69610
41128 54262
132000 118097
30394 35534
35330 20763
253643 230657
65387 18241
187316 174149
117245 127124
71934 45021
58870 67978
230444 225682
35534 13112
3827 53386
221773 256667
56383 62099
1626 65330
35234 37962
160796 199179
225682 227913
54289 1626
13573 38330
197919 167028
139962 134513
16891 7094
9990 46191
56800 73262
210497 40139
169380 199587
252433 203842
257976 224455
317746 319732
117875 156127
230657 240810
233914 2779
215333 236845
132211 108768
2302 64372
174459 181330
257280 201529
3795 51986
212087 247248
194898 160089
214487 256149
34253 64372
136131 118097
223526 214487
252930 204890
24318 31094
139161 134845
35534 37256
35330 71277
225033 229353
35802 219925
66058 50416
121501 124819
168764 201939
1150 13083
1541 247248
41286 5955
249733 254025
236556 224850
168764 201274
187617 176210
193634 246984
30151 23848
66058 61639
232266 31596
66112 56800
138450 118097
231575 251481
55976 11064
34261 67235
223658 246984
252930 219113
65387 17647
14971 66743
13387 67235
35330 6108
14971 23632
299036 300657
244043 38320
1626 11734
238313 211488
67612 56800
148309 142247
129964 117875
249733 233586
59425 11064
18508 56536
18310 8601
59895 10400
106747 118097
215408 223186
8304 46191
41286 53063
160796 199382
246984 237158
229971 252930
244526 236557
30151 25747
220723 236845
55304 66528
249674 244526
6121 18508
47425 55142
252433 227692
245546 250017
233258 194676
246984 238779
28465 18508
67235 32935
124819 140271
316618 315268
125453 122947
55864 6386
41286 59386
66711 35330
5997 45532
140362 126854
116258 106769
25366 14971
5935 24318
122585 142921
118097 117249
40221 35330
1150 213796
253684 231801
187316 176221
251254 231758
1150 25755
194116 241636
10517 55927
47163 55416
254808 238313
194333 244526
118097 130380
52035 3795
236845 213669
49195 356
8714 18508
30151 227373
252433 218822
278674 279513
252560 260781
43430 7928
258184 249836
18508 28001
64439 67235
227860 224147
3795 55195
192083 253676
130299 118097
31478 35330
51662 71783
149641 114691
244526 258005
167028 203126
236845 258819
232384 221880
214073 239061
138260 118097
8793 35330
228791 221880
260513 231575
115787 127875
48112 43749
177566 182288
116164 149641
6313 14971
160796 200246
213537 250017
149641 116045
244373 260781
18508 67648
139122 124087
139161 116383
197947 161363
1626 71779
31550 22349
1150 229441
142921 128204
230657 31693
144382 119788
244526 211763
117875 149807
220349 238313
19104 3795
28793 16692
50095 41286
126304 149641
18508 10231
238313 242940
226759 193732
71011 8503
142921 126793
190435 195678
199024 167028
224967 214487
25718 228556
45216 56800
24318 31960
67978 15067
12908 27685
240061 246984
236816 223109
262991 262072
13038 38330
146572 122947
19871 24318
252433 204804
187617 176774
53299 38330
44992 5997
16692 3253
264632 232393
41286 74633
54543 66528
253410 260781
61385 66058
108768 129589
256976 214073
107832 135128
24318 13065
48596 8601
42138 179245
142921 321124
31725 14971
271776 280773
227329 1150
260781 33574
71326 67978
252433 229217
149641 116193
72838 56800
228844 257280
245875 214729
41286 7033
249589 246984
231866 214487
316050 124819
71011 2895
251999 256855
29892 35534
258112 235675
139824 122947
228556 247545
124819 136918
204230 231145
