197797 252433
29480 30879
204877 161217
256169 214073
41286 66510
238884 36164
142921 107132
48112 16404
64372 9200
253740 168764
257280 224436
194592 167028
37293 51903
204730 244526
242654 223186
258458 266424
3795 74952
41286 12002
150654 139161
213792 210635
63256 37962
66058 35499
30879 62008
46518 24318
30151 49926
41455 30879
159666 148790
36164 259600
24318 252466
249733 256342
67235 28952
204659 160796
30151 67097
5997 27417
118097 146262
172698 189175
76211 66058
27188 56150
48723 18508
30151 7874
257280 237831
264397 260582
36460 5997
256892 266424
66726 45711
73986 59618
257280 214322
35330 58942
171622 188278
1677 25171
224218 27685
193776 236556
42197 64372
64372 49674
239890 252930
42302 38330
109419 159491
46191 14302
321102 108768
28065 15079
209286 253821
35534 48742
67978 47368
43804 35330
127124 149518
30879 27482
30879 4933
36164 5316
60110 3795
56800 16756
71978 35518
60800 41286
42913 67235
223435 230657
35330 220545
27188 225411
30879 13323
319886 122947
64372 45700
1921 16692
8601 26081
254041 24318
30846 257280
207554 228556
108376 106769
236364 257280
5997 32331
124819 118531
280133 270202
36164 21049
67235 43135
235249 216310
7215 27188
214487 238422
73913 64372
32902 35330
260781 194533
73833 64372
44918 67978
45711 35436
252433 198381
35534 62174
18508 246946
56207 35685
230606 35534
118267 127124
125303 316732
228777 35330
59895 45716
10295 27188
62684 67235
27188 68311
218117 260781
234738 266424
232297 210635
122947 158094
18508 45999
216599 214073
316732 274084
244526 236623
236845 193600
233257 16692
211763 204594
251014 1150
228556 28503
69610 52886
260128 266424
187504 184303
307140 189175
36164 66608
647 178081
27188 221114
236845 263301
211622 16692
30151 252012
38108 8601
231151 37293
77469 106769
67978 28603
171668 179245
37293 234224
179245 21097
41286 63460
251790 222094
224124 35330
180860 179245
44240 64372
118097 147621
20993 211763
23088 227860
63283 16692
56800 7871
226344 192083
214073 36021
256577 36164
17729 72309
228556 218339
41694 1626
32418 5997
79710 144382
64372 49093
36164 239209
244526 31491
53420 24318
36164 235679
76118 67978
234977 252433
134706 108768
1626 63063
69843 59895
79139 139161
66406 41286
19195 214073
16692 67397
5468 64372
266424 238986
65387 42609
35330 228365
17465 41286
67235 43974
16692 59787
36164 258132
43183 18508
316732 273458
73986 31236
16692 220295
32060 225682
27188 21330
224562 263210
279370 316732
48538 73986
252433 36932
67235 48184
3925 67235
35802 259643
35534 4821
27533 226759
59755 14971
15057 1150
206996 228556
32935 16692
56800 3075
46191 56151
35330 211230
16692 74405
266424 230129
212257 16692
36164 34465
76092 65387
230452 266424
23582 56800
48112 69088
8601 32292
30151 194503
257280 27416
52019 35534
62476 35534
260115 266424
67978 56863
35481 10823
251254 231083
25171 255930
227860 29083
76227 38818
111199 138676
139161 157260
158754 124819
37293 36359
316732 266879
187617 39691
24318 254885
244526 24366
23701 56800
138287 111199
171553 145781
169216 252433
65691 8601
214601 30151
168764 194779
30151 252755
235481 266424
266424 245782
35330 47932
260781 193975
195 228556
27685 8242
214073 215671
18492 260781
30879 8576
209193 236845
1150 30799
75859 30879
18508 231992
254929 266424
266424 223501
22162 59895
9422 30151
63342 5997
63793 8601
278674 275111
27188 48767
62099 14308
36164 53025
266424 211534
222961 35330
36164 242654
2705 36164
157171 142921
216722 10823
3990 62099
18119 260922
67235 72430
34179 65387
10832 30879
306806 179146
238853 36164
211734 35330
316755 280773
148790 145026
5997 28520
257280 39796
174459 173246
36164 228281
243004 266424
46191 71015
15089 36164
29965 65387
36164 251075
252876 249733
202146 244526
31524 252433
193691 167028
63233 35330
72741 73986
66058 74131
744 35330
35330 60595
16692 30304
257280 26243
45881 15129
236845 215838
149898 106769
29906 227860
36164 252417
214073 25018
218659 67235
260781 262534
219830 35534
235338 266424
320846 280773
46191 14501
16439 45711
35534 245259
30879 39425
48112 41001
433 189175
231985 266424
14971 62357
221810 14971
207484 228556
264657 228556
44814 62099
118408 127124
235684 251823
256269 28065
41286 76538
18508 61666
18508 59660
18508 2162
62629 46191
38249 64372
59684 5484
208540 227860
65387 20449
205383 260781
179245 175340
244526 201554
31596 229442
5997 73279
65387 123
1626 20326
260781 32033
251938 163866
46191 18829
219464 35330
214073 192507
54159 179245
248056 194116
67062 36164
234925 27188
108768 120994
27054 249026
252433 224439
226030 35802
211155 35330
67235 48672
37770 179245
119117 142921
111199 77761
259569 266424
41286 19713
59895 5225
170742 67978
214613 257280
260781 266520
207560 210952
67235 72310
64372 30308
48112 68212
35534 63905
264856 244526
175216 187617
56800 16531
34419 41286
65482 27188
250725 222094
118097 146566
75770 67235
153287 128531
214073 242805
46191 21691
23069 230657
188786 187617
280773 316715
6287 27188
167028 194366
276274 278674
107226 118097
37351 236845
213180 192881
41286 17130
60387 16692
283546 295307
266424 259031
266424 222935
30879 30446
253821 236327
236845 36442
270199 274782
65497 73986
62099 46989
4347 62099
53047 36164
66058 13154
107445 142921
187617 178174
62519 41286
26795 30879
191613 163866
228556 24051
252433 27403
230657 204657
249067 36164
76227 56404
198112 257280
18508 210507
27835 59212
119250 106769
246804 36164
36742 59895
244526 35657
35442 1626
35802 238392
35330 59169
73986 56239
228282 210635
37293 53671
17729 48616
187617 175841
10868 5997
118097 312956
142921 120280
243718 36164
66528 49161
192083 227057
35632 252433
27188 243471
235015 24318
65147 35330
35802 65441
35330 255352
24318 232335
37293 65476
244526 28093
210635 259619
16692 50671
16692 59692
56800 9870
130604 106769
24318 257433
54825 24318
235251 214487
231763 35330
54782 65387
227860 210786
251254 37321
26528 260781
207403 40150
163182 203215
243383 266424
257280 224171
14273 1150
214073 34146
250419 163866
192062 260781
212499 252930
250072 252433
68624 67235
65143 45711
225682 242702
46191 74232
35330 2552
260627 190815
106819 118097
257280 169041
65387 35602
38330 36235
236845 194631
212974 36164
52732 5254
56800 68049
59895 70167
239092 27188
187849 66528
33056 187617
27188 235404
64372 74028
30151 215532
18508 220070
12776 30879
279280 276626
39947 28065
2169 35802
67235 44352
187617 39496
35534 52512
318639 315268
314736 279465
27685 47189
266424 236165
26657 214073
30151 251534
246984 200050
67235 24606
37548 30151
32551 5997
38625 59895
37962 72566
179245 73918
36164 30653
55326 30252
137924 111199
3795 26018
56800 44657
67235 189329
31712 66058
192054 236845
213533 35534
64372 27995
246984 202432
217310 238313
110434 135128
41616 64372
41286 35364
153016 124819
208357 1150
171553 181691
230657 192519
108768 158830
258219 266424
214073 22864
230236 18508
117875 110510
213626 35534
38330 51977
223186 193809
187617 2042
238313 250490
18508 260946
73074 36164
57675 35802
41286 22247
76895 64372
61999 16692
5997 31639
67978 60362
18508 231749
227860 29391
117651 106769
44442 14971
163866 204706
163866 193247
228556 205277
14824 62099
29562 67235
64385 1626
18598 62099
72453 16692
16692 255261
48252 14971
138042 111199
64372 49197
26806 260781
31596 65259
56800 46928
36164 240
35518 58329
111056 117875
35330 233728
260356 210635
34418 76227
31702 257280
124819 109210
59895 21071
7928 39974
252433 26167
54194 67978
212881 266424
31119 36164
111199 116045
14971 255156
36532 238313
213172 36164
216644 214073
75167 68758
238313 250623
48075 67235
233182 210635
76899 48112
75795 187617
316732 124883
207436 168714
65139 35330
35330 255226
35330 56754
155428 106769
163866 208828
5997 60894
262640 260781
252205 168764
67978 48266
156528 106769
144408 118097
214487 33265
16854 46191
234652 35330
201377 228556
139779 145317
142921 313639
210635 237668
190658 236845
3795 33943
5997 63761
34086 36164
66619 76227
142921 120635
67607 24318
222094 252862
29463 214487
231575 216493
139962 110561
235387 27188
73986 21188
192761 238313
30151 7892
210456 217076
45286 66058
118276 127124
18418 30151
66156 62099
50521 37962
62099 23560
121516 118097
209470 163866
266424 210648
194537 225682
45645 18508
227245 35534
36164 59345
71011 32344
37962 47273
11301 41286
27188 51807
73986 179341
48636 67235
1789 66058
67235 43897
111199 155183
214073 36418
12646 188278
20777 188278
36164 231126
194026 231575
223186 242100
62099 30766
21101 27188
191938 163866
204373 260781
64372 43482
244526 204477
41952 64372
187617 20994
142921 114180
36545 3795
217877 214487
213752 266424
66058 37466
23615 252433
210635 229365
53304 30879
24318 226398
241209 252433
257280 161108
17729 211608
257280 35995
30879 4378
214073 22754
180662 179146
76227 10910
18508 42875
222094 258826
74550 5997
209449 260781
27261 229353
188502 64372
27919 3795
65387 21141
30879 188874
229353 22154
124819 117306
7928 64079
46461 35330
214073 37323
67978 62875
222094 216237
41286 74095
43576 35330
149528 124819
253459 30151
201996 236899
20745 30879
18508 226226
71665 16692
235475 35330
223818 34897
167028 202850
48748 65387
194524 222094
266424 256396
76459 16692
17814 59530
11220 66058
266424 255490
142921 117885
62754 67978
40890 18508
16750 64372
35802 255493
37023 62099
8601 19382
240058 36164
266424 256548
59684 5685
66528 6052
55534 30879
252812 214073
237502 36164
30151 252884
58128 5997
252433 169681
17729 57456
266424 258084
14971 66128
20253 1626
252433 200487
36164 5799
7928 19838
214073 28355
274563 318775
46579 67235
213006 217050
134944 79308
228301 27685
214729 264862
222278 194116
37293 46518
207403 221305
20154 189175
68579 64372
45711 35993
39231 56800
69107 64372
248349 266424
223186 27542
3827 1506
156707 124819
5997 1348
210388 222149
13833 66528
6400 46191
66058 73990
27565 260781
251615 163866
258959 36164
36164 241524
36164 21349
124819 156413
139161 110569
35330 6792
174459 187712
30151 11045
35534 7277
2002 18508
44989 64372
189175 46742
35330 219294
79308 133095
118097 158623
67235 47402
195486 210288
179146 310412
12963 67978
266424 243467
64372 187035
154580 184303
56945 16692
70719 1626
31536 214487
252930 23968
66528 16047
46191 21760
249121 27188
35330 220116
249593 264397
34433 260922
44017 16692
222094 216986
108576 124819
47310 67235
38330 69458
59886 35330
246597 266424
110762 117875
20351 1626
243429 225682
147677 118097
207854 236845
3795 38632
228556 12032
67436 27188
68439 36164
67235 70325
194711 214073
35330 64619
223186 26921
2110 35330
13614 30151
124819 115007
249749 266424
30151 197414
238313 28467
194484 214487
247286 24318
218976 210635
260781 250808
229353 222534
59825 35802
67899 62099
187617 177487
257280 237589
155545 106769
38330 33301
35330 23585
257280 199075
118097 121432
244526 206993
18508 63050
148978 159491
14971 230384
187617 180907
74326 64372
67978 1171
41286 61601
19729 36164
202577 244526
118097 154445
187067 174459
48112 64443
76178 41286
20659 179245
269815 273778
260781 24845
195125 252433
228556 191700
266424 229220
252029 238313
38888 5997
16692 52031
236378 266424
10823 35756
244759 36164
203506 231575
242026 27188
30565 3795
67235 27032
36164 228155
257280 223054
140993 124087
254284 236556
30151 192891
39982 36164
266424 244786
3795 24192
233024 266424
43282 65387
214073 260520
260627 31349
19541 30151
246685 201996
227860 206970
18508 259675
33416 41286
35330 211892
13084 64372
48112 64088
64372 7456
194392 214073
47978 18508
251916 36164
5552 56800
27501 236845
64372 27843
25542 34897
27188 65068
64372 5582
206219 235249
16692 18894
218291 266424
163866 205003
73148 35330
179146 21314
73851 56800
56800 19930
7928 2695
67978 7273
48112 68539
206995 260781
52409 18508
3795 63192
64372 3346
67235 32231
64372 22863
238313 191791
222094 215915
216804 18508
36164 253710
64938 34897
28387 228556
106769 156993
56800 9067
260781 190608
248094 191880
212182 35534
240630 257280
46544 64372
124819 156834
35330 48495
27188 226394
64119 41286
115873 124819
191534 167028
4919 64372
3795 52831
63232 16692
249434 262072
117009 142921
64372 44372
35534 247187
63734 38330
64372 13402
221972 257280
158795 106769
4749 67978
213800 35330
67235 28577
192900 236845
36334 236845
18508 52662
157121 142921
24712 67978
246995 210635
194155 224455
193679 238313
266424 244316
212323 252433
27156 225682
227987 37293
73986 33017
3795 38314
20669 16692
16692 62006
216264 260781
244526 24819
212703 194116
168764 252600
18508 69264
252433 198037
214073 24348
193600 214073
27188 233140
203989 169380
16692 42765
20978 24318
26022 5997
17729 33067
266424 211195
45711 24056
59551 45881
67235 41257
251131 222094
8601 38264
270831 280773
14971 52435
37138 67235
16692 50641
179146 185788
203650 228556
32988 27188
3795 57288
226035 257280
62099 39721
179146 172213
67235 12465
36164 191318
113674 139161
22420 228556
195486 209548
223186 29793
29074 227860
44383 69610
