50250 260922
167521 36164
72179 260781
238619 165562
253933 67235
189175 13499
38065 266424
3795 190256
57812 244526
16692 245277
67015 260781
214073 262250
229671 14971
217741 167028
70444 214073
314098 122947
217510 5997
108100 316732
256696 35534
220783 67978
314025 122947
7928 38998
190163 35330
170775 35330
106769 125627
1626 232366
49607 228556
123195 280773
11386 73986
26165 41286
181639 35330
68236 187617
35330 182967
233143 163866
47163 37501
67978 223937
178401 187617
238774 3795
210956 67978
37293 41478
46191 1324
243844 67235
223041 64372
214073 205234
228556 12219
73986 32062
46191 44590
262072 37330
54280 222094
166560 30151
67887 189175
3795 252641
35330 258475
252433 262890
236436 67235
11746 62099
41286 29944
67651 252433
230786 67978
230626 41286
227860 198474
201468 18508
270433 320149
56800 34024
262072 241693
67235 219833
135896 106769
70156 35802
38561 260781
178806 214487
161217 214147
252433 70575
264397 255880
48112 36745
167028 243804
165918 236845
13828 214073
218432 187617
18508 201801
5537 16
68762 214073
240107 35534
184712 139161
18508 257227
46191 237568
153212 316732
7875 228556
214487 55474
257992 1626
266424 203370
52086 228556
309673 187617
36164 198183
222094 12282
218741 64372
41286 222604
30151 188
262149 228556
163866 234490
1626 252344
36164 196383
214073 14780
226730 64372
213498 67235
187617 8620
210447 16692
238305 16692
46191 30321
60559 37293
202135 35330
39693 30151
251896 160796
47163 252807
18982 214487
43919 27188
262143 30151
64372 220695
280773 271279
227816 1626
228556 21571
173639 64372
214487 7980
235519 56800
143384 280773
112683 171553
227710 64372
263766 35330
165310 36164
72312 37293
214073 64275
35330 179783
205311 266424
222094 10109
167028 212132
76903 36164
16692 76515
218732 66058
18852 260781
266424 218460
163866 246975
153113 316732
228556 6270
35330 222347
309953 174595
245984 3795
16214 228556
142921 173010
166869 214487
35330 308324
27188 50569
18508 179463
189175 39359
212113 167028
67235 225254
214073 57618
240094 66058
252433 8763
171553 142877
67978 257076
1824 41286
69800 171553
7928 212282
244526 11459
31328 231575
134229 318775
167028 231039
214487 52656
19832 228556
19205 73986
212968 67235
2894 228556
224811 167028
56800 214124
214487 1768
142921 181118
280773 271570
240602 14971
41286 26562
214729 47224
157149 106769
251835 262072
35330 249043
142921 180518
236845 5829
67235 185922
280773 121703
316732 153331
225682 32615
187961 41286
53598 244526
167028 256132
39723 252433
250100 37293
111199 151165
167028 229616
36164 198602
222637 1626
25412 187617
245150 67235
171553 133998
306815 178081
169192 214073
30151 58533
210303 18508
62055 244526
171553 128696
73999 35330
18508 188145
67361 214729
178804 35534
184157 139161
35330 217791
41714 45711
280773 134805
30151 71214
118097 320359
251138 35330
236845 50168
65918 214487
234296 167028
36164 41489
1150 73443
228373 16692
58752 252433
260781 30972
214487 45579
56800 257712
252433 6363
1626 248145
236845 9976
257280 23861
261925 228556
194054 210635
67978 227271
232024 41286
252433 48605
130206 171553
6819 228556
76706 214487
214073 50586
124819 318767
245580 163866
169417 244526
243939 1626
8937 235684
167028 246959
30151 165276
183596 118097
62038 214073
164177 260922
252433 11067
219143 3795
66528 248071
233563 67978
244946 64372
44337 27188
214556 27188
217409 35330
9687 187617
222094 47650
243750 46191
3101 252433
214487 66933
232338 168764
37293 198625
194598 14971
228556 54702
186402 16692
228556 21050
263442 27685
35534 228468
184291 62099
64372 230435
7928 256276
257167 167028
39935 214073
57572 214073
210635 262335
205957 163182
64329 228556
1626 219863
106769 153800
257138 161217
41286 34475
67978 229961
66528 191188
56800 25575
64372 241304
210399 163866
260781 2396
163866 226623
169122 228556
163848 244526
222094 14533
208228 35330
259548 168764
238313 49831
46191 29424
65300 228556
167028 232348
56477 214729
167028 255082
67235 175271
228347 48112
18508 247481
217802 252433
181118 66058
154138 280773
16692 187851
18508 260826
12829 244526
163866 246815
188287 18508
46191 21156
29264 163866
253510 66058
73986 23263
223553 48112
222094 208997
278674 127782
51220 228556
256078 160796
65677 236845
266424 258886
226576 17729
224767 18508
111199 146220
19701 214073
70099 222094
14971 234097
22532 236845
198462 214073
238313 160564
33542 252433
16692 202343
214487 68375
234114 16692
38256 266424
16692 230201
266424 192200
66571 257280
30151 207062
27188 68955
204657 30151
30151 23585
40614 280773
106769 155913
251254 2163
224105 16692
64372 220604
67235 224301
191075 66058
266424 220171
203591 214487
211146 56800
69226 8601
240252 3795
201996 18785
36164 75391
104669 280773
21064 30151
221836 67978
142921 319607
1298 210635
142798 171553
41286 178912
278674 132246
225898 251254
238313 67613
214073 73162
204509 36164
232914 41286
35330 205450
236845 6236
167028 259652
27685 50563
248462 1626
161248 27685
165880 36164
59756 187617
25196 227860
36575 167028
167028 245671
210635 253378
27685 45468
183008 56800
217076 253803
252433 9914
122947 274146
273722 122947
59212 239055
181865 16692
70989 228556
35330 73805
64372 212552
168365 252433
27295 73986
238553 14971
239248 66058
266424 29839
214073 48702
179761 18508
1626 212879
258215 10823
18508 46644
73986 15488
196369 260781
266424 204507
7186 252433
163866 244797
280773 120177
35905 41286
23794 266424
220774 168764
252433 67994
50851 46191
41286 210932
12036 266424
1626 245522
170025 118097
144433 278674
236845 20803
255450 67235
252930 9729
240912 35534
252433 49834
222960 160796
233136 64372
255795 64372
59895 222203
155606 316732
35189 16692
18508 247368
76227 188999
221221 161217
36164 69206
4292 228556
161363 247052
266424 220856
37803 252433
202661 35330
18508 207026
136516 280773
262072 215598
73429 222094
62812 176390
210635 37384
29639 46191
170155 67235
165299 36164
47437 252433
36164 201798
235554 67235
26483 190435
203292 27188
236845 17295
245182 161217
35119 244526
258932 67235
258134 163866
198490 236845
252433 66571
240769 67235
49883 252433
250007 167028
280773 317783
36164 41079
171553 140220
35330 70251
18508 214540
67235 225055
229914 167028
41286 37256
219894 262072
65387 249058
111199 123495
167028 255185
214073 203767
214073 17289
214073 200169
171553 122047
280773 159364
30533 214073
246723 3795
278638 280773
14971 190655
54682 244526
75142 214073
266424 206941
106769 132184
280773 142342
36164 196257
213006 66078
213006 198505
39793 46191
214073 69473
189536 64372
5997 8801
190951 66528
12388 214487
62711 187617
66058 213818
6306 214073
262341 210635
182639 35330
188699 115787
245390 35534
225028 266424
197635 214073
1626 227459
135128 276529
228556 71167
41286 215022
258832 18508
66058 192778
35534 249245
187617 219545
228556 66334
246167 163182
30151 69824
35534 203414
214487 64996
222094 204842
244526 262883
214073 39662
69610 188769
260781 8478
62099 177083
183889 118097
111199 154988
3795 237048
142921 180841
177916 73986
228556 67910
163866 233600
68141 214073
244526 76138
201996 213115
172230 122947
41286 32867
232712 201996
33126 238313
62099 182598
30151 201178
252930 262472
121068 111199
244526 7247
209444 222094
122170 171553
73986 173478
249519 16692
21329 171553
278674 127175
166964 222094
58789 236845
196136 36164
66058 248441
251613 266424
1626 258402
244526 2261
242984 35330
252433 14890
226745 64372
244526 223304
39987 244526
61220 188278
216918 18508
228556 61732
228154 18508
76227 188991
252585 266424
262072 234893
236898 16692
46191 233387
238313 190096
316732 150096
175620 56800
73986 175638
266424 39584
214073 39666
35330 228608
10208 244526
165973 214487
74146 3795
14355 244526
159905 106769
163866 239506
28247 41286
244526 15178
278674 137839
312082 35210
122929 184303
214729 64619
253387 262072
13882 71011
161723 257280
36164 58423
214073 67293
214487 168097
35534 252452
178803 171553
18508 253331
163656 214073
3095 244526
55420 187617
222094 265380
37962 238794
187617 43159
280209 142921
214073 163551
41286 36095
214073 51284
280773 130076
232916 8601
181955 35330
16692 222276
31770 266424
18508 214928
266306 244526
251560 67235
72268 244526
36852 41286
35330 240873
249129 18508
244526 163650
253289 67978
27188 69820
168613 236845
235203 35534
248143 35330
214398 16692
20115 228556
252433 4566
18529 266424
244526 42246
184083 124819
252930 164426
143813 142921
16299 251254
194896 260781
254268 167028
25718 41286
30997 260781
48112 625
189175 220938
266424 254433
178953 46191
67978 232624
260293 46191
262072 36084
21844 214487
66058 259108
214073 168990
230264 187617
314080 142921
41286 69742
262923 36164
189175 65337
46191 28627
1626 257967
158884 280773
227528 5997
60621 188066
41286 219007
214117 46191
252433 265896
46191 230467
252433 167291
64372 213559
228556 265581
76168 214729
179146 76302
244065 46191
65150 244526
66058 218828
153694 314631
223064 56800
241957 167028
192023 16692
35330 77230
19642 228556
121559 280773
26699 223186
161217 247240
63776 30151
231575 30532
263185 228556
35330 258370
18050 228556
236845 4590
70134 35330
266290 244526
64372 211112
56259 214073
42857 36164
133797 171553
237910 46191
229266 56800
24787 210635
127038 280773
18508 239435
316732 136869
167028 260385
219784 41286
1626 32202
16692 213131
27290 41286
14186 214487
142921 185063
246303 16692
256910 167028
244526 167725
118097 172575
38919 266424
56702 30151
234135 64372
162109 228556
110103 142921
167028 214756
255953 64372
210445 160796
41286 77262
63882 260922
66058 257541
57150 244526
179050 214073
253227 160796
214073 77054
230490 64372
160796 255920
183183 59895
193307 14971
214073 72701
19422 187617
3795 227432
62099 1399
67235 259127
35534 242343
214073 50597
41836 16692
188278 54466
246823 5997
306825 73986
236076 163866
244526 72174
67235 219802
53214 213006
13243 214073
210635 14402
54182 187617
179146 311512
15664 228556
169126 238313
51064 236845
38330 233661
228239 35534
280773 126664
210635 262919
62099 39318
160796 246132
67235 173522
199657 240761
66058 223536
188237 56800
56502 252433
187617 218781
6594 235249
125116 106769
16692 218294
244128 14971
35534 54371
2541 214073
27188 72376
174975 142921
16692 225778
163474 244526
35534 181605
24318 63513
64372 235458
238024 163866
188154 228556
167028 214923
1047 210635
252433 13257
237161 67235
133759 280773
252433 47356
250244 167028
146489 280773
41286 35774
79742 106769
26663 252930
244526 52559
316732 147682
222094 241731
1150 51112
41286 188075
124819 184090
219950 48112
260781 8960
9372 73986
60211 214487
62099 219474
66819 252433
67235 176520
26124 187617
222094 62721
30151 265574
229430 66058
59014 214487
191597 266424
108250 316732
236845 4254
120521 118097
250232 1626
234404 64372
250531 35534
35534 225587
213402 67235
266424 253807
213743 167028
122947 184774
49601 244526
23764 210635
214073 47262
119739 189175
160796 254468
213554 59895
208526 260781
243792 64372
266424 27892
46191 245203
235200 3795
36164 34228
214729 47035
159491 180075
235009 35330
240742 17729
173191 124819
169012 244526
214073 10705
234129 65387
214073 38664
198673 36164
36164 179201
182764 56800
228556 163414
166128 228556
252433 49356
3795 763
45711 211499
186947 67235
188278 16692
28264 168764
214487 202883
37339 266424
214073 60736
15679 229353
222094 202208
132592 106769
23130 189175
168764 246147
174930 69610
64372 255442
248912 35330
56800 181958
309070 187617
252433 58962
65245 260781
167082 222094
225994 163866
244526 217202
316732 132244
64372 255192
214073 262432
194872 245167
14971 75499
36164 178684
192487 262072
67741 214073
13830 244526
59117 36164
68333 251254
26771 62099
18508 181785
59278 214073
67235 211020
1330 55326
252433 57
214073 201054
16640 252433
237078 163866
222094 42300
36164 201606
160796 253526
3795 20942
191077 34897
47960 36164
249739 167028
236206 16692
192053 37293
67167 221773
278674 141402
252433 263109
16692 218366
223642 67978
183873 142921
239104 67235
208762 30151
260781 8405
160796 221041
21547 214073
39156 244526
265350 252433
67235 186415
11582 214073
141824 106769
224162 67235
222094 44292
187617 220174
233341 56800
139161 175373
14971 70020
16692 241168
176027 142921
179513 228556
189729 18508
50320 221287
18508 69449
46191 215462
280773 157788
4877 260781
61870 214073
236892 18508
222094 7274
13903 231575
41064 35534
60184 252433
106682 171553
62099 188354
64372 218717
30151 161266
221789 266424
254380 45711
265665 252433
189175 28954
152865 280773
223195 35330
266424 35306
224455 37102
171154 159491
41286 20819
214073 3629
33114 252433
49535 252433
3795 255955
67235 230187
35989 41286
67978 245466
252433 19249
194872 259982
162992 236995
66058 214664
201800 16692
185152 41286
204391 222094
254655 210635
13060 252433
202471 36164
21243 257280
252433 217365
74816 35330
46191 236441
221617 62099
280773 129940
65387 185540
6410 214487
210635 252057
67235 179589
227603 34897
1626 232857
163866 259495
266687 214073
51507 30151
36164 49717
254557 3795
214073 71823
49334 238313
280773 126020
11328 73986
173231 144382
221698 5997
244526 2150
51129 1150
188193 35534
167028 230185
21355 222094
175395 122947
187316 150067
260314 160796
