187617 254851
223339 3795
56800 168411
65387 208441
262186 27188
165562 266005
176429 118097
171531 46191
163866 273
65387 151687
252433 173954
20009 132558
46191 203439
171553 44703
307740 79308
27685 171471
14971 266239
73257 217169
183519 30151
70571 266424
40875 171553
168660 56800
56800 152838
503 266424
160453 66058
311436 1626
47163 183416
223315 67235
270202 109462
177566 74788
56603 187316
115779 278674
231575 171113
252433 46720
122947 279121
266424 43993
128623 280773
147388 56800
262971 163182
46118 266424
56244 187316
1626 188568
228556 70154
43934 236845
66058 158903
35330 174819
36374 168764
202393 66058
65387 202312
311206 214729
281059 171553
53854 177566
308012 56800
109787 177511
7927 266424
195417 18508
165443 16692
278674 178195
163461 210635
3795 171672
16692 171238
48112 308531
167028 789
181302 46191
66058 121014
320180 270433
169494 1626
35330 168870
35330 307987
66649 168764
56800 250301
18508 164932
167615 3795
27188 162801
178507 228244
35534 175077
182360 217169
159491 268480
175241 36164
181250 27188
171553 5279
66058 166545
16692 309156
31085 159491
200442 16692
169808 36164
48640 171553
262072 65843
320920 111199
266424 167278
278674 149178
35802 161097
316732 179968
171553 24051
266424 75559
228556 182744
16692 148029
222841 3795
50782 263210
171553 276470
252433 47983
170621 45711
75059 201996
71394 160796
56800 166230
169456 67235
3795 182183
35330 311069
139161 69781
171532 3795
1626 183464
15124 266424
177599 106769
268670 118097
210635 198403
168764 39125
252930 61511
66058 161265
260922 62388
16692 172024
182818 10823
16692 165052
75024 262072
182308 37293
206756 7928
179249 260627
46191 160156
46191 207539
13370 264397
148790 280563
265116 1626
273255 118097
16692 264429
163429 264397
3795 185985
309288 18508
180291 1626
62099 236001
171553 23590
266424 61356
187316 63763
310388 76227
266218 67235
252433 186185
118097 311142
308522 35330
106769 185712
252433 72818
61010 187316
99599 37293
160796 263706
135128 186909
1626 99525
274280 177566
210635 57150
280773 148037
266424 160249
309953 215479
16692 160494
43141 266424
160262 217076
62451 171553
48112 262697
207667 65387
187316 56104
312082 27000
2291 160796
316732 171422
13722 195486
267152 122947
280773 148543
210635 192346
25943 168764
13041 182364
35534 173312
3795 201189
171703 210635
171553 11255
163275 27188
61912 266424
266424 41340
186183 35330
189395 252433
56800 253569
210635 192343
27188 180808
16692 165817
310234 252433
201996 30562
46170 238313
181828 118097
252433 74347
223449 168764
150895 189175
111199 274670
16692 173297
214729 161481
179719 14971
252930 69458
252433 58586
271432 139161
213021 163866
165562 178725
171553 56575
46191 266432
106769 183111
9824 308746
185909 139161
148038 35330
170112 244526
263112 66528
165562 6061
178307 118097
253902 62099
30733 266424
316732 172534
36164 172474
57688 266424
4381 160796
252433 175843
36164 164576
266424 8348
208853 47163
1626 217916
45705 252930
56800 180425
69650 266424
217765 66058
309689 120257
214729 172358
183267 14971
178509 118097
316732 170040
163866 27617
266424 45182
187316 68089
262398 66058
74939 168764
48112 251103
204325 67235
264397 33151
186712 27188
168764 65963
16457 163866
180448 67235
46191 163992
111199 40427
61891 171553
265350 189175
3795 203788
160796 51129
62099 255105
136182 76227
262072 10921
207850 1626
252433 170223
65387 147545
308363 159491
40114 168714
61747 201996
66058 200119
135128 276508
315752 106769
218307 67235
14971 168619
204791 76227
249732 187316
320030 106769
159491 68037
182034 228556
197770 66528
189013 278674
182639 48112
30151 188636
66058 147075
246655 56800
76227 257758
179898 36164
262072 57282
99550 50320
178385 314631
311925 127124
168764 22013
177406 18508
48112 258015
316732 154928
280120 135128
72258 161217
237987 171553
310861 36164
278674 114992
165877 58284
167028 28188
159491 1956
22913 161217
126983 186816
15761 167028
278065 106769
176802 252433
186541 159491
46191 222664
139161 273591
17591 161363
307637 67235
262072 16657
207819 67235
175756 244526
35330 309298
63938 266424
56800 150868
179626 118097
36164 176871
252433 309433
276431 106769
168893 66058
179935 278674
56800 198574
150496 189175
262072 68857
76227 208889
16692 262899
210635 69378
177382 106769
47163 209043
14971 165358
48112 184469
175864 252433
236845 60388
48112 165335
67235 187083
46191 262803
35330 146081
214729 309972
56800 243134
214487 75899
68999 228556
48112 199241
174710 18508
171553 38036
30151 174142
193705 187316
167419 46191
187316 17180
76227 183412
66058 171110
127124 37031
45711 172265
38174 167028
175405 46191
158348 177538
251254 311093
48112 238560
1626 217805
248549 56800
56938 266424
48112 191836
66058 190548
118097 275164
3795 196162
31596 161450
185975 260627
41306 252433
45881 167043
180427 276222
228556 172677
41959 236845
77210 118097
1626 169898
36164 176766
190435 36822
169976 65387
67235 199996
201260 16692
143802 111199
174344 66058
37746 162829
238277 56800
127124 271233
65387 190986
160796 262993
262072 60160
30151 311205
177566 8677
252433 75105
202310 1626
204156 67235
1626 312322
161217 184
195891 4495
170904 46191
217076 187180
266626 18508
120210 46191
21155 118097
167487 37293
214809 189175
31596 176266
266424 76939
7928 99240
218121 160796
311100 35330
171553 36367
27518 171553
312082 138914
163182 22687
307673 3795
169639 16692
120441 67235
1626 202742
277002 106769
160796 262041
60707 260860
16692 200514
168764 15380
66058 164476
70180 162992
160796 56562
210635 52243
230011 187617
160796 7126
228556 69813
14948 168764
183921 278674
244526 171490
171727 111199
46191 243671
3795 309544
46191 198322
224260 46191
171553 53160
252433 186701
228556 179860
161217 62198
270433 121114
45711 262556
171553 74301
75784 139161
120663 46191
15115 266424
189456 244526
106769 180998
18508 160218
162653 56800
196105 262072
35330 186039
160777 46191
35330 308103
276654 159491
310458 62099
158063 56800
35518 195962
27188 188981
62133 244526
214487 174189
165099 27188
184166 36164
46191 175866
264861 186816
56800 187156
201996 9578
168573 18508
240957 62099
184468 56800
183771 18508
252433 63824
171553 275479
160637 35330
54695 251254
191591 56800
111199 280666
272175 187316
228556 187265
214487 311957
160293 66528
33090 261384
57703 168764
3802 139161
41361 148790
308746 235775
308746 22296
198263 67235
177566 203402
172673 65387
208874 56800
238275 187617
163866 21598
252930 179704
231575 182646
206226 56800
187424 10823
67669 160796
210635 33676
55164 171553
1626 181722
1626 172184
225036 312082
30151 172051
115787 318661
160796 8828
240658 48112
316274 187316
9336 262072
262659 14971
177566 60196
46191 201946
46191 265820
185309 238313
264397 185449
65387 180989
56800 309663
16692 165159
240957 76227
202210 262072
204703 66058
159491 185897
266424 65091
16692 165966
35009 163130
210635 168358
168764 52360
15134 168764
48112 223474
266424 44834
189175 141511
215234 161217
45711 216591
191109 46191
66058 168770
171553 27083
65387 264230
167028 24239
244526 307425
216526 167028
266424 178617
210635 71929
266424 167340
63173 266424
216190 65387
168815 65387
181613 278674
252433 172645
122947 267162
256708 56800
171553 110431
266424 60729
111199 275846
75831 159491
3795 166256
262072 59322
3795 186101
168770 16692
59267 168764
9727 262072
187316 233263
306392 56800
168764 52702
199570 1626
79117 318775
168318 56800
171553 10917
7524 210635
177935 260627
20695 262072
183987 56800
27188 99280
47163 250394
278674 114712
174621 27188
269815 77602
33729 171553
54763 266424
5936 201996
188166 251254
186695 30151
252433 179031
45760 262072
263324 48112
35518 186365
74826 144382
171553 244892
239491 62099
44850 266424
160796 35491
194116 181190
22730 309953
308746 127221
46191 250571
175245 105946
3795 196471
278674 182023
238313 184300
170159 111199
252433 63514
9429 160796
48112 176527
155309 177566
308746 154105
266424 14200
161217 22766
184878 316732
252433 175546
223920 3795
158407 280773
238313 169799
266424 1518
66058 214544
7139 177538
247674 68668
56800 240410
311199 73986
56800 202925
214383 187316
244526 41725
210635 3587
175608 48112
239964 177566
187617 154628
181011 3795
249312 48112
28117 161217
191198 312082
54764 210635
185810 252433
167028 264866
251254 60385
274167 171553
252315 56800
228556 311310
266949 118097
279465 184689
236845 61373
231575 183775
187316 237506
210635 43365
310870 214487
278674 312949
266424 70504
266424 8135
25094 161217
1626 262624
3795 265222
72229 171553
265943 1626
106769 273851
210693 7928
170189 62099
239463 171553
46191 191224
218248 1626
30151 182278
167028 37282
34868 161370
244526 75374
178214 316732
161217 13370
159491 307336
171553 212511
270433 124983
56950 252433
189175 129243
56800 208304
159491 268231
184188 244526
37293 167437
159491 21126
252930 44136
144110 269815
46191 174574
159491 1824
171553 260782
16692 311515
119987 18508
20327 171553
178158 27188
48075 236845
27188 175714
147513 66058
262824 3795
202230 45711
187316 65800
267502 111199
167028 225845
4887 262072
223998 3795
72398 252433
208457 16692
163072 50320
46191 202216
216524 48112
122947 174212
160796 36188
70756 163182
171553 77305
9314 210635
59959 210635
281117 155846
28245 177566
186426 106769
188442 118097
159491 278790
172033 231575
160796 28585
118097 275167
266424 187850
139161 182341
266424 75146
163866 18300
171553 47832
50852 139161
216433 56800
183146 16692
187368 35330
167370 56800
45763 189175
1626 202556
46191 237029
13395 161217
160811 16692
66058 262104
217308 65387
66058 188927
67235 171482
266424 8623
165779 18508
311986 3795
118097 271783
269815 140685
46191 201104
218166 163866
36164 119730
158042 56800
1626 218329
278674 180038
16692 201498
176531 18508
107234 278674
108364 278674
56800 262684
127124 68882
238313 172676
17729 181150
251368 45711
225667 48112
186054 238313
66058 168432
181274 106769
168714 23874
252433 170629
66058 311194
171553 56638
261616 17729
210388 176257
309610 27188
11585 171553
306276 228556
210635 179289
36164 162196
266424 164132
18508 169017
45711 253446
67235 264169
238313 307525
177566 52351
99540 16692
214487 61448
307058 194116
182500 228556
75083 264397
44028 177566
46191 99540
205175 76227
66058 146559
111706 171553
280773 148216
168764 51348
184538 316732
175471 244526
225038 177538
149491 278674
177306 16692
265699 163182
43964 252433
106769 274887
168764 51406
26907 171553
76147 252433
200240 17729
210635 2791
43367 244526
166723 48112
171553 111071
161708 1626
180018 111199
179147 262072
16692 263467
12983 168764
159491 275562
118097 175370
50638 266424
214487 120265
231153 56800
198237 35534
12247 162992
39856 262072
194959 264397
7944 171553
182398 238313
163092 214487
154375 66528
67235 262482
252433 266709
57263 238313
17637 163866
159491 310160
225846 66058
228556 70196
236845 46299
224382 46191
118097 181211
210635 47092
262072 57064
210635 188455
244526 186328
35330 160464
176040 45711
18508 165681
164975 45711
269815 134140
205669 45711
118097 266908
160089 67235
106769 319223
185699 35330
12514 217076
209548 66058
18508 160622
224585 27685
189175 246754
252433 60761
224605 14971
106769 183052
35330 263307
35330 183185
183906 252433
215272 48112
252433 69998
264382 35802
32659 163182
118097 279526
30151 181713
238313 307574
314932 111199
37293 224587
171553 275622
74209 210635
179653 7928
238553 62099
35330 172564
153266 66058
135447 56800
152043 56800
224619 66058
269815 134005
139161 2053
214487 42478
155254 16692
160796 214641
171553 270071
1626 306898
171553 6718
309953 42916
238313 188329
185108 314631
177566 25852
179499 139161
106253 270433
118097 175482
45711 169903
171553 562
173804 251254
7459 306831
67235 201519
3795 205960
35534 175332
168714 18218
126718 66058
179018 165562
65387 311373
122947 280062
186898 115787
262072 199838
43049 260627
179084 252433
194972 48112
240143 99583
262072 16291
210635 169265
179655 111199
189175 155981
164068 27685
161217 35690
46191 242787
176363 118097
67235 166041
161217 214707
69831 210635
164843 18508
47847 177538
125851 269815
46191 217788
65387 120152
111199 314562
307936 35330
160796 914
45711 201360
154700 35330
50511 266424
201996 41357
71886 217076
244711 171553
195486 3990
278674 118169
27685 306555
118097 174555
244526 308818
177566 15711
163182 76019
266424 43965
1626 180852
161217 222875
278674 173350
309785 35330
262072 4796
280773 137987
204816 46191
171553 51179
311090 16692
189065 16692
72327 266424
135128 270437
65100 210635
46191 309195
307612 214487
310172 10823
171553 45558
181375 214487
266424 55162
139161 310520
35330 169995
50378 236845
57774 168714
18508 120466
308644 27188
135128 306896
11529 168764
106769 320043
35138 160796
35802 189387
198838 18508
263866 36164
160796 8158
154729 187617
244526 187457
50320 248812
35330 167049
187316 59913
161217 178761
210635 200121
178496 1626
62196 210635
16692 263334
280773 106296
1626 310738
246855 187617
186786 252433
264210 47163
187316 29411
160963 66528
46191 246735
214487 188996
24833 171553
247843 45711
76431 171553
180765 56800
280773 141928
171653 106769
46191 249687
188226 263210
307581 244526
41379 252930
65387 192351
46191 160325
245395 171553
122947 272414
171553 211926
99583 64036
127124 75788
43593 244526
210635 183100
36164 186522
