259196 258503
119310 121918
149940 150098
257775 257710
213075 212965
6074 6305
221657 103401
122366 125772
14642 5174
154429 162343
32001 32069
221777 103401
9611 9620
25098 35386
287388 285632
150270 150791
434161 433239
268454 263375
109145 109813
223583 230908
25014 25098
100516 100774
223887 223789
15534 2394
116542 116688
262833 262828
428101 424553
25098 20825
111673 110627
24455 25098
24136 23970
38688 35630
108683 107821
9403 9620
9592 9601
97568 97983
420970 421535
261293 260493
110516 110338
124971 124028
221797 221545
212965 227604
90813 88668
102338 110748
99051 103795
225512 224939
27223 27247
258304 258209
14760 3964
27192 27223
102047 102528
32069 32304
9601 9268
51946 51185
259145 269755
27223 27066
259196 257462
102269 101804
103574 223496
97568 98414
366722 366379
110751 110748
150232 149940
88603 88668
32545 32417
223570 223583
66934 69795
166738 166483
223230 221521
115201 116542
13499 2915
107149 22636
125635 125772
421055 420313
229998 216461
123264 114558
221464 221528
428164 413030
381017 381297
179812 180602
67170 66934
145410 149940
167571 166871
270991 254350
145695 153289
343795 342313
223361 223230
289352 285632
5146 5034
160145 157208
223583 229967
266780 258406
148451 148469
150852 150825
265466 268383
258903 266778
432763 433239
22636 106825
216382 216469
224770 224511
151003 150791
269823 266780
259196 251746
434398 433239
38058 108255
27223 38008
366722 366532
21360 33080
101089 100774
109597 111232
2986 2915
51478 51438
14642 5698
420896 421376
30499 31669
221599 221528
429084 428693
23970 24183
9620 9223
270140 258209
8054 16165
51478 62981
329553 329445
421535 421554
32545 32443
216868 217089
216469 216528
212965 227613
23919 23970
5759 16165
428101 420854
328665 329553
101168 100774
223230 231623
262828 262772
103584 223496
210253 210449
262828 268527
160441 147154
166871 166980
216469 216522
102047 101965
159693 153770
107438 102047
11308 11389
282470 282435
263187 262828
256767 256781
111232 109077
150791 151011
51415 51478
66934 67054
150865 150791
100774 100958
287412 285632
153774 159693
101931 102107
67205 66934
121089 123924
157818 158002
100774 101595
420313 420383
166483 166412
2915 3048
16165 5645
108683 107185
150720 150791
269755 257433
268454 262958
103513 103401
136276 138588
97568 98411
110338 110268
225497 228152
360631 367477
108203 25235
269755 257367
421047 428101
150971 150791
32069 32072
154235 159163
214136 215736
226086 215736
101667 100774
166483 166233
53175 64584
52865 53175
14642 5423
229448 221797
434136 433239
258209 258043
217089 218638
167579 166780
427372 417437
227640 212965
259196 269275
69856 66934
424452 428101
428101 421057
147282 160764
212965 227612
107216 22636
150791 150651
222291 221026
66934 66854
107548 109683
289769 289743
32004 32069
208115 208163
150104 150791
51531 51478
58847 51185
224511 224167
218632 217089
51469 51478
64330 51478
3294 15337
147296 147366
216469 216645
258209 258136
417841 425775
212986 212965
326940 329553
111658 110338
213184 212965
13632 3797
160145 157204
102308 110748
217703 217089
110952 111232
213989 215736
154235 154848
102047 102527
110338 110206
229095 103401
110338 110299
65755 53175
221284 221021
154235 154733
25098 24394
124902 119310
224939 224884
103401 103468
116592 116542
208163 207865
102269 102429
32545 35890
428694 429084
257073 256781
257775 260092
381017 381293
38058 110963
107623 109683
147282 160765
378319 381017
3964 14146
107680 109683
283457 283515
33062 32976
258209 258267
285632 289302
13586 4297
5709 16165
262828 262758
207853 207866
420232 428164
24610 24588
150749 150825
367477 367525
421142 420896
147375 147282
98002 97568
124882 119310
212965 213050
428164 412231
35257 32545
221284 229154
27223 38024
226073 103642
428101 420984
420498 427775
365224 366722
109145 25582
32545 36344
223476 103642
123264 119024
103642 105257
102047 101162
229000 218817
210634 216469
11389 11061
16778 3797
226617 224939
80726 80439
223230 228066
420145 428101
102047 102506
97568 217083
417917 430231
154310 162128
8751 15004
107803 38058
334111 334497
27134 27223
150508 150791
24864 25098
258489 258903
22636 22782
6305 6200
220621 221026
31850 31669
21049 32976
109673 111232
15645 2915
413021 428164
162048 147282
150791 150147
24152 23970
281805 282470
32976 32660
3797 2988
3964 4038
32069 38204
381062 381017
14515 15004
413282 420896
2394 15525
210506 210253
257775 270089
32545 35899
24588 24164
2968 2915
285632 285021
102269 102622
421634 421535
262828 268635
229998 216436
216469 215825
2375 13865
367545 367612
258209 254967
258903 268870
101136 100774
429005 429809
162343 160047
6305 6141
286249 285632
3797 2903
214121 215736
100802 101286
53175 62937
229998 215863
228098 223583
221797 223857
144880 144785
53205 53175
116542 122049
421535 421172
212965 4155
102462 102047
214125 215736
262828 255337
111232 109533
423652 429084
227294 221284
53175 52684
99005 103795
3959 3964
381655 381017
166262 166483
215911 229998
221543 221797
217089 217064
9343 9620
25183 25098
154235 154829
150491 150791
5270 5146
102047 102156
213446 213255
8089 2915
116542 116579
108119 25235
97568 7181
51478 52350
109867 109145
101871 101931
366408 366673
97505 217089
367317 367477
160145 157332
51478 51989
166667 167579
38058 107602
109695 111232
33080 34116
11389 10832
221284 223131
101931 101929
258103 257931
5107 5146
123621 123264
11663 15956
110748 102202
103345 221797
150791 150148
147548 147496
108284 38058
268454 263220
11663 9530
381294 381017
232565 232635
221958 222260
2394 3282
2699 2670
89452 89170
54639 54886
102491 102047
429084 419512
108322 38058
35974 32545
149940 150101
108683 107696
420313 413194
229998 215916
25098 25005
216399 229998
33080 30809
118582 36869
97675 97568
268454 259820
24241 23970
31669 31548
108746 108683
420896 420840
37802 39352
22636 22142
111325 110627
258172 257931
10323 10174
126139 121987
15004 3101
36869 24922
220779 221026
286100 285632
263039 268454
219127 210253
153732 159693
218482 212965
223496 105096
4420 3964
10174 9961
229998 226532
100010 99878
111091 100774
122314 123264
32069 35975
347768 343311
329553 328879
433239 434373
110254 110338
100908 100774
420253 428101
24588 24028
16165 16177
134565 134357
262828 270288
5406 14642
429084 428704
6305 6144
221528 221565
71228 66934
111316 110748
109145 109065
23923 23970
125772 114998
428101 420269
116542 115051
32976 39741
31955 32069
55628 55512
102269 102465
382120 381017
217089 97860
32976 31321
221026 220967
9601 13854
429084 428692
107678 109683
32976 38845
433239 434545
224939 224703
103563 223496
145411 138079
110422 110219
100549 100774
417841 418223
145174 138079
103642 105158
25271 109683
420467 427775
262727 262828
108546 108683
119310 124900
102377 102269
119310 119384
25110 25098
224939 226620
32976 39049
257434 269755
110264 110338
105123 103642
208163 207859
336262 334836
51478 52480
221518 223230
15004 3605
287499 285632
54639 55913
286769 285632
101878 102047
366408 366509
257775 257681
4301 212965
97568 7167
215810 216469
258425 266780
25216 38058
147514 147496
150825 150748
207866 207835
16451 11663
355737 356656
154235 163991
144785 144872
58400 62254
221958 220828
103652 103642
3797 16591
32069 39415
38058 106943
3797 2711
166700 167579
103598 103642
220895 221026
381455 381017
55628 55482
265466 272349
150786 150791
25235 34907
258068 258209
160047 162128
100774 100870
22636 22794
289347 285632
420896 420977
9601 14387
106978 109683
32976 33359
99878 111314
223230 216675
223583 223790
221026 220896
221519 223230
328880 329553
428301 428164
166340 166483
117146 116542
102948 110748
3394 3964
212965 213055
420896 420965
381017 381507
153741 159693
420807 420896
420896 421150
329553 328951
216469 210774
329553 328920
14027 15004
110627 111678
14326 9620
227986 221026
227338 224939
103401 221631
285421 285632
159335 162343
428101 420915
23435 23970
97655 97568
154235 154174
222167 221958
31483 32976
256781 257104
215736 215966
32976 32834
32069 35249
133368 134318
260493 270915
61501 53175
265638 263766
32913 32976
102269 101814
428706 429084
216955 217089
102269 102974
366408 366687
105197 103642
145383 149940
55209 54639
100774 101574
258643 257931
366530 366722
2684 3797
103642 105138
109683 107802
285632 290157
108740 108683
285632 288253
224939 224727
23970 23466
33389 32976
224511 228195
228967 213446
210349 210253
257931 259608
53175 53276
110748 102941
31669 30475
167579 166696
3797 2672
116594 116542
421002 428101
216427 229998
2337 2375
13586 212965
32976 32979
228998 218817
207664 207866
32545 31984
107042 108683
229998 215910
36869 25138
287358 285632
2915 15943
180602 180300
217089 217852
221009 221284
65693 54639
427775 420490
213446 213866
15004 8534
216469 216370
105241 103642
212965 212924
52795 53175
289336 285632
109596 109145
119310 124860
22636 22176
3964 3623
123924 124971
225625 224939
2394 15556
123879 121089
99878 99934
161503 159693
428101 420851
153776 159693
103642 103553
119310 124854
420280 420313
366705 366408
110978 110627
32906 32976
32069 32531
121829 119310
23462 23970
257775 257646
102324 110748
221284 221049
420896 421056
221026 220623
110428 110338
5146 14661
102328 110748
62254 58403
66934 71232
116658 116542
421672 421535
103795 103950
101868 102047
166480 166483
25098 25003
229108 221797
159693 153751
257480 257775
270289 262828
51478 62982
223402 103401
101671 100774
229536 224511
2860 2915
420234 428164
258061 258209
121089 123908
220754 221958
39390 39352
421535 420955
213207 212965
31669 30428
421140 420896
258501 259196
428987 429809
167579 166704
216686 223230
25573 109145
218364 223230
110422 111193
429008 429809
105117 103642
3797 2858
253638 273983
67223 66934
16588 3797
100774 100573
420263 428101
5614 14642
366653 366408
420221 428101
210253 210444
101846 101931
108777 108683
424128 420313
54639 62199
266780 266846
3797 2861
89196 89170
149940 149997
428164 412234
421629 421535
24365 24588
148451 147264
3797 2862
24588 24125
89159 89170
109683 38059
421370 420896
412132 428164
103642 105181
51185 64685
212935 212965
366722 366523
209801 210253
223230 216682
268454 262956
23921 23970
9601 14297
262828 262757
285632 286792
420896 416473
53174 53175
221528 221431
9620 9295
417767 417841
258903 266887
53175 52702
215746 215736
421329 420896
115193 116542
3771 5146
334836 335602
25098 35401
228152 224322
421535 421618
429809 421876
100774 101845
160145 157097
259534 268454
159130 149940
223496 105141
23970 23444
328638 329553
54525 54639
55205 54639
160145 163071
289329 285632
66934 67138
221528 221368
147358 147282
38058 39277
110422 110391
334497 334253
263082 268454
110338 110415
160145 157385
54639 56107
102430 102047
32976 32978
213410 213446
210253 227050
123189 123264
101281 101286
420313 413181
14756 3964
429809 428991
98353 103795
25235 34914
51478 62980
266780 258890
114965 125772
138079 149908
52748 53175
223592 223583
2915 15160
154235 154326
31200 38688
421535 421668
421535 421687
219890 223789
162343 161032
101270 101286
15824 15004
411986 428164
258903 266771
38688 37197
270991 254718
3964 3957
38688 36482
366696 366408
421361 420896
420253 428164
257775 273420
122374 124971
329553 328921
114613 121089
103401 221815
27223 27319
107669 109683
15797 11389
14642 5378
150825 150853
7205 97568
32625 32545
32803 32976
348827 226456
226616 224939
110748 101458
23970 23731
289800 285632
264095 259196
100774 101081
215736 215925
53284 53175
123264 114531
217089 217698
167171 166483
221026 220546
344225 344195
147282 160772
221958 222170
51185 61539
266780 258469
11389 15765
150465 150791
149940 145228
257775 257472
99878 99921
39352 36792
22773 22636
144785 144804
32069 35253
223502 223496
134565 133884
32976 32899
162343 154425
136276 138580
221026 220524
134565 134421
14642 2642
100774 100285
160145 157166
24588 24157
101286 101321
31353 38688
32897 32976
258096 257775
32324 32069
14020 15004
167579 170712
100909 100774
2956 3797
51444 51478
6305 6245
216469 216381
227200 229998
22636 22800
420896 421330
170765 166871
229998 216357
36869 24308
31995 32545
58854 51185
262828 259752
421535 421770
213446 213718
23461 23970
414646 421535
107844 108683
133368 134415
100774 101579
8586 15004
102467 102269
282330 282470
166483 166169
220926 221026
107218 108683
149940 159706
32069 34988
421247 421535
216240 216469
212965 4277
213868 213446
32976 30807
329455 329553
14642 5289
213446 213863
35338 38688
217089 217986
145658 145695
220004 218817
109683 106963
257481 259196
7238 97568
100003 99878
212965 212969
4271 212965
99878 100001
282470 282501
150104 149940
366399 366722
421597 421535
6237 6305
119310 124865
25650 27223
123264 124838
121818 119310
150825 150276
110748 102351
36869 25023
154410 162128
38688 31233
14642 5645
147276 147282
107364 25235
228152 224282
149940 145282
107598 38058
33030 32976
32976 32730
145485 138079
225591 224939
55199 54639
57322 55628
111087 102047
2385 2394
417841 418224
145232 149940
418174 417917
216469 216450
98378 103795
257931 258133
381017 381320
97568 97990
9241 9601
229998 215820
109145 109070
122370 121089
150629 150791
107231 22636
145628 138079
221026 220551
3086 2915
154311 154235
162648 159693
150825 150961
31801 31669
429809 428955
150838 150825
147354 147282
119310 121188
38844 32976
11663 11646
33080 32915
22636 107105
32545 32454
257931 259128
166706 167579
162343 164742
147470 147154
