289083 170925
357634 229832
412823 357634
57074 357634
357634 287740
48164 145789
420837 357634
48164 714
357634 412969
417551 357634
413343 354888
414912 357634
356656 287361
48164 153347
48391 397255
231517 357634
21257 48164
48391 327772
48164 38860
262414 354888
275266 99480
423774 357634
358417 99480
357634 219259
44426 254411
358852 289083
48164 125225
44288 254411
354888 58945
62927 357634
48164 350751
48391 35678
48164 29638
329748 48164
31602 48164
48164 117491
350635 48391
53268 356656
132665 48164
354888 406369
289083 358398
2593 357634
428513 354888
48391 22165
48164 404622
357634 63674
357634 417792
48391 224034
48164 408794
419788 356656
39181 48391
48164 1786
48391 108442
357634 220133
48391 107166
48391 111262
354888 426565
354888 208771
421460 356656
104252 48391
48391 328843
25972 48391
55809 357634
103239 48391
289083 358117
48164 20291
72879 51478
48391 29548
29803 48391
356656 267337
357634 205828
354888 269812
357634 420263
357634 427634
357216 289083
406138 48164
357634 11309
224337 48391
357634 342715
48391 101714
357634 418870
45675 254411
356633 51478
48164 12760
357634 206125
89027 354888
356656 288333
48164 28509
28831 48391
48164 257
357634 210557
357634 427578
48164 284109
55957 354888
48164 20473
356656 426172
357634 229772
417769 357634
63026 354888
51478 357049
356656 420157
23103 48391
48164 408656
135487 48164
289083 89643
356656 259516
273340 354888
48164 123923
56220 356656
48391 110843
48391 228097
155753 48164
397262 48391
48391 100243
51478 357414
210274 357634
48164 31236
110405 48391
90240 354888
224707 48391
357634 427073
356656 422551
22547 48391
48164 125218
421535 356791
1265 48391
60043 357634
48164 148427
350418 48391
48391 30181
348876 354888
90909 354888
354888 404240
48391 33152
252473 354888
357634 424192
48164 29598
357634 341890
62182 354888
38184 48391
356656 90039
267800 354888
48164 149755
48391 122457
354888 270035
354888 427258
354888 348240
289083 171333
59916 357634
357634 208538
48391 12073
328175 48391
357634 286201
48164 125104
354888 250992
354888 348323
146431 48164
285154 48391
50402 254411
134803 48164
356656 419693
48391 29626
205961 357634
99480 46071
354888 65857
48164 328236
90194 289083
356656 421637
58871 356656
356656 426494
143652 48164
31033 48164
48391 21317
48164 118392
48391 231928
357634 63227
108344 48391
354888 62821
356656 266872
28890 48391
254411 358810
358306 51478
225140 48391
599 48164
341234 354888
55822 357634
357634 423520
162532 48164
357634 229801
113864 356656
354888 345030
356656 414822
120924 48391
114862 48164
30103 48391
2903 357634
286141 356656
28796 48164
357634 15060
53312 354888
48391 23000
168497 357634
286376 357634
48391 107695
416555 357634
350523 48164
89002 357634
55252 357634
354888 267206
48164 12990
48391 349498
422109 357634
412472 357634
48391 330098
339988 357634
48391 10581
289083 357689
65559 354888
8016 357634
168776 357634
165074 48164
117379 48164
48391 170835
29722 48164
13921 357634
345207 357634
149247 48164
413513 354888
355297 254411
48164 34768
152640 48164
48164 331337
48488 254411
354888 402765
29179 48164
429451 357634
426762 354888
354888 256438
357634 416965
230054 357634
48164 155
48391 28415
357634 345786
58685 354888
354888 260147
357634 8159
48391 34223
55385 354888
354888 417397
354888 414474
48391 1537
354888 55520
67247 289083
37716 48391
48164 133741
48391 29924
357634 59259
48164 351054
150962 48164
23998 48164
149189 48164
354888 417622
134970 48164
122910 48391
412737 354888
421320 354888
26416 48391
64671 354888
36640 48391
423160 354888
23252 48391
53150 356656
354888 58389
48164 115700
149111 48164
48164 331107
273889 354888
31907 48164
356656 55210
55474 354888
402641 354888
354888 226630
54046 354888
65760 354888
48164 116874
119028 48164
48164 152968
48164 150975
52853 357634
357634 5829
31577 48164
357634 56542
354888 423730
286214 48164
65993 357634
354888 430135
423239 357634
48391 113597
354888 52603
330244 48164
357634 3649
48164 120275
356656 397609
429949 354888
48391 26202
48391 22254
1310 48391
123182 48164
356656 230010
63496 354888
354888 260729
48391 122003
48391 102326
286402 356656
357634 180705
48164 145486
287821 356656
51936 354888
48164 1323
354888 57399
403030 357634
154416 48164
115599 48164
357634 345482
169112 357634
415392 357634
116738 48164
48391 110787
103081 48391
72652 254411
169881 354888
99480 44798
119851 48164
354888 65967
33793 48164
48164 139232
256901 354888
357634 418222
357634 2412
48164 29490
55584 354888
51478 355451
356656 419814
261664 354888
357634 230261
341465 356656
99480 46813
354888 340617
207873 357634
354888 416043
427538 357634
51478 358330
48164 159722
169806 48391
259600 354888
285600 48164
48164 161372
48164 114533
134890 48164
48164 150589
48164 121348
48391 109366
357634 61247
417872 357634
48391 111309
33374 48164
37426 48391
228261 48391
356656 347832
48164 136960
356820 421535
48391 25706
48164 134262
357634 331557
289908 48391
357634 57214
115057 48164
254411 49954
284380 48391
28281 48391
344939 357634
357634 429995
118594 48164
356656 57989
208918 354888
48164 122307
48164 31636
274584 99480
211367 357634
51478 232999
357634 407667
50159 254411
27107 48164
48391 32891
355984 254411
356656 269821
59602 357634
354888 89012
210591 357634
24939 48391
108242 48164
102130 48391
264767 354888
48164 32755
405642 354888
398366 356656
57572 357634
357634 210674
328861 48164
48391 102273
149285 48164
403527 357634
355369 51478
15667 357634
356656 56067
331348 48164
354888 273256
357634 14759
271828 354888
357634 2590
421734 354888
357634 64086
357634 215689
354888 406459
354888 52885
24569 48391
287609 357634
354888 341133
48391 114410
289083 358272
137393 48164
409071 48164
354888 270212
357634 229392
136870 48164
208431 354888
354888 415841
133335 48164
357634 51895
58135 357634
357634 227542
357634 420239
354888 269302
354888 256915
5247 357634
161339 48164
147424 48164
255328 354888
48391 226107
356656 62213
357634 417880
24201 48391
125713 48164
45192 254411
45574 254411
55058 356656
48164 115621
48391 28186
48391 330873
121138 48164
407853 354888
115385 48164
55323 354888
354888 264808
357634 65476
31732 48391
48164 32311
258655 354888
48391 328103
413784 354888
258627 354888
357634 422944
57008 354888
354888 259789
421793 354888
356656 429985
61115 357634
354888 59585
48164 38402
47014 99480
357634 4534
354888 421672
49567 254411
430238 357634
357634 52694
259610 354888
48164 151761
48164 406725
262951 354888
258161 356656
48164 38999
146819 48164
357634 405580
417264 354888
284161 357634
5722 357634
289430 356656
110578 48391
39488 48391
48164 164249
48164 26954
423631 357634
357634 287498
354888 421717
48391 35386
146425 48164
284731 48164
48164 119308
357972 254411
356656 339906
354888 273337
357634 429738
214144 357634
357634 415632
123664 48391
357634 348362
48164 159590
434734 421535
167908 48391
354888 345667
357634 207940
63668 357634
415272 354888
51262 356656
345112 356656
106733 48391
357634 14465
356776 254411
228175 48391
48164 349416
430237 354888
48164 285576
210834 357634
54542 356656
23623 48164
48391 30476
357631 51478
357634 61211
289083 89715
28638 48164
233137 254411
54612 356656
330353 48391
345167 354888
207252 357634
356656 284330
48164 349516
69919 289083
354888 348234
26202 48164
269376 357634
63071 354888
48391 24555
48391 110605
48164 330525
354888 407812
356656 424877
356656 63065
48391 125889
357634 288388
354888 57810
48391 435426
469 48164
169880 354888
355939 254411
289416 356656
169875 354888
413481 357634
25274 48391
34357 48164
354888 89943
209374 357634
354888 58070
357634 62953
344226 356656
61859 356656
354888 420127
357634 56370
357634 219644
356656 267521
48391 105137
289652 356656
357634 55832
289083 171245
34110 48164
356656 422750
356656 64573
28659 48164
132876 48164
356656 420225
31712 48164
101070 48391
416951 354888
10890 357634
254411 355847
48164 31684
38193 48164
418590 356656
169135 357634
37925 48391
357634 210151
356656 289354
51639 357634
264159 354888
424533 354888
272169 357634
231247 354888
60611 354888
212118 357634
48391 103084
109991 48391
29837 48391
416753 354888
11033 357634
48391 349937
356656 113914
48391 171016
48164 21023
328992 48391
286677 357634
226315 354888
48391 114472
48391 27723
5554 357634
48164 409024
5027 357634
356656 420934
412999 357634
403941 357634
231583 354888
357634 419771
812 48391
358493 254411
354888 58313
356656 420768
135302 48164
59709 357634
117535 48164
211357 357634
354888 55528
406057 357634
357634 403250
48391 34551
357634 213381
48164 144748
35755 48164
48391 123077
355265 254411
258098 354888
254411 48856
14904 48391
354888 347125
357951 51478
48164 109674
48164 38605
416835 356656
48164 150343
228198 48391
155448 48164
57127 354888
35261 48391
117497 48164
356656 288044
48164 134879
35592 48391
402686 354888
48391 120229
15643 357634
357634 425807
356656 289455
354888 420314
48164 113621
267165 356656
64755 354888
48164 110590
424994 356656
267295 357634
354888 424432
48164 330388
206261 354888
343796 354888
51225 357634
357634 420952
48164 36218
357634 230132
357634 2808
345227 357634
48391 101017
354888 51126
108536 48391
427597 357634
72851 254411
356441 51478
228535 357634
75253 354888
356028 421535
354888 413542
48164 144315
267827 354888
27221 48391
215696 357634
64340 357634
48391 170286
48164 350404
356379 254411
339853 354888
329963 48391
75597 357634
347574 356656
48164 150251
24414 48164
411959 354888
428633 354888
38535 48164
56165 354888
210403 357634
354888 88096
48164 114506
413591 357634
107625 48391
27359 48164
354888 405683
113680 48391
354888 261490
357634 88394
357634 286673
28444 48164
52292 357634
421016 354888
289648 357634
8130 357634
267669 356656
48391 166982
107735 48391
285985 48164
356656 63807
357634 341488
260834 354888
119431 48164
48164 33564
48164 116264
48164 31618
75130 357634
34599 48164
48164 11990
332454 48391
357634 169327
356656 258430
421098 354888
48391 23269
354888 256975
359155 254411
70082 289083
45200 254411
356656 55202
208461 357634
48391 12472
48164 150265
354888 52799
54799 354888
56314 357634
33039 48164
357634 347124
354888 260225
404154 356656
48391 224826
48164 116784
354888 425400
39728 48391
328219 48164
357634 230757
421915 356656
424530 354888
52906 354888
48164 32454
48391 32279
48391 37359
142350 48164
415164 357634
28661 48391
354888 403265
48164 33265
48164 160462
359129 421535
48391 350573
48391 120957
357634 326965
258288 354888
109390 48164
357634 403555
48391 30019
48391 116465
259393 354888
357634 229321
355208 421535
354888 421738
48391 1928
31871 48391
420829 356656
30247 48164
356656 208854
357634 52369
27105 48164
428943 354888
27211 48164
406398 354888
56490 354888
425452 354888
428643 357634
263559 354888
147029 48164
354888 345104
48391 124444
48164 120137
27220 48164
48391 24789
354888 53998
416900 357634
359179 51478
124700 48164
48391 23095
270012 354888
145906 48164
118104 48391
407214 48164
357634 211651
48391 115598
20304 48164
354888 421262
354888 56753
354888 90539
51478 356390
170899 289083
339935 354888
264527 354888
354888 58776
357634 51499
354888 414568
357634 10825
48164 150314
102447 48391
118547 48391
37569 48164
415699 357634
354888 53418
349770 48391
429207 356656
354888 429006
231310 357634
48391 110749
422465 356656
357634 213241
48391 31719
354888 232076
125083 48391
26370 48391
228692 357634
118585 48164
8170 357634
119231 48391
256080 354888
354878 254411
48391 30831
226365 356656
328390 48164
48164 121708
357634 230943
48164 136878
52634 354888
357634 413644
147952 48164
428942 356656
357634 61388
29389 48164
25204 48164
328991 48391
48164 25870
199118 289083
48164 408698
289083 88425
109878 48391
116728 48164
404817 357634
356656 54949
226861 48391
48164 28979
48164 161325
48391 1061
48391 116916
48164 143775
28197 48391
415058 357634
260816 354888
232439 51478
24208 48164
48391 38559
210256 357634
354888 414350
48164 115805
113866 357634
106336 48391
56112 357634
262083 354888
48164 331091
48164 125434
354888 257245
145672 48164
48164 33230
356656 208260
354888 62817
48391 33614
428257 357634
113933 48164
406059 354888
328118 48164
354888 404341
48391 114523
64053 354888
357634 62686
55000 356656
46871 254411
412784 357634
29856 48391
357634 2524
330296 48391
48391 121309
218986 357634
357634 414316
425736 356656
88641 289083
105155 48391
345469 357634
48164 145574
289588 356656
354888 268813
271054 354888
357634 213313
254411 48795
354888 62879
171619 354888
356656 422830
48391 224071
416317 357634
48164 397738
354888 206913
289083 336722
419292 48391
357634 15633
64746 356656
48164 108846
420564 356656
214322 357634
66942 289083
290055 48164
55150 356656
21804 48391
48391 167549
357634 267677
103314 48391
209622 357634
356656 426725
135571 48164
211211 357634
103206 48391
60181 354888
48164 26865
48164 134437
421305 357634
102185 48391
48164 30378
357634 212709
354888 56847
354888 58501
106792 48391
48164 284416
354888 422343
402871 354888
48164 397287
357634 424789
356656 288038
434879 254411
356656 287883
89966 289083
134369 48164
48164 32035
354888 422088
122539 48164
12270 48391
48391 113705
424693 356656
56467 354888
48391 332582
20963 48391
287244 356656
120104 48391
407672 357634
20131 48391
152389 48164
357634 62502
357634 206575
