429809 429596
154257 154235
429507 427773
150825 150658
219636 220060
22447 22636
109683 106575
24627 24588
251888 257931
31669 32268
16449 11663
3964 3904
257775 257575
228152 225521
223583 231069
99878 99758
210253 216936
138079 145216
428229 428164
159693 153664
123264 125110
220353 221026
114773 121987
34250 32976
254101 253565
101286 101600
100774 101175
81968 82065
102047 107452
367606 367477
10174 9404
428164 420256
14676 2361
109683 106766
27223 27434
162128 155832
147878 147496
102047 101086
10303 101286
24588 24390
270191 262828
15742 15004
108683 107131
31669 32236
257436 269755
25235 34916
102227 101931
289940 289769
223583 230042
88547 88668
103642 223296
420896 421442
58395 57573
166871 166653
144724 144785
223789 223972
429084 430350
422009 429809
110748 102691
147282 147384
97768 97568
262660 262828
123264 118655
33080 33590
110754 224511
25170 36869
268454 263311
124971 120180
222450 221026
116542 126044
25076 36869
144785 145234
101613 100774
97568 217703
36869 25123
221958 222399
228653 224511
367514 367477
223583 229118
145400 145514
107386 109683
161493 159693
430323 430324
101762 101286
8419 15004
22636 108611
8123 15004
22894 22636
224939 225103
215736 228575
207866 207845
9601 14753
54639 54841
266780 273430
229998 213979
220060 229001
210253 210283
222213 221026
224511 223634
228851 97568
66062 55628
107065 22636
212965 213005
223789 230610
38674 32976
258209 258903
97697 97568
259522 262828
160145 156396
151415 152441
215736 210769
106920 38058
420233 428101
166483 167666
160993 147282
285632 289481
220459 221026
223789 223726
22636 108540
99557 99878
223789 224003
224408 224511
8247 16165
418248 417917
31452 32976
221958 222321
228432 216469
97568 98535
223230 223335
118616 36869
269755 258502
221958 221881
5021 5146
220635 221026
102269 10359
118743 25098
154250 159693
98063 217089
54639 54505
217089 7245
32545 38289
101931 101074
54639 54590
103795 103757
214150 215736
106853 108683
212965 4372
16457 11663
145952 145960
154276 154235
215819 229998
33138 32976
54639 66101
88901 89170
33486 33080
224092 224939
109145 109662
223583 228178
97884 217089
23970 23334
102505 101931
102244 101931
25098 24185
108711 109683
22366 23970
62254 57845
163064 149940
15537 2394
13845 3294
420915 428164
53175 52308
124942 119310
100774 100244
30828 38688
218697 217089
22636 108564
24264 23970
24588 24908
229269 103401
215736 216667
110519 110338
152141 151415
3964 4716
109148 111232
36869 118676
109504 109145
421113 428101
257690 269755
169261 169393
258903 258263
16165 6899
5146 3439
428164 421002
65761 51185
145214 144785
228197 223583
221363 221797
103377 221528
224801 224511
229998 216743
150669 150791
270427 258209
51478 51847
209516 220721
415449 430410
97698 97568
27223 25670
213446 228051
258903 258282
117117 116542
9620 9919
147496 160309
428101 428176
108683 22705
38688 31287
32069 31756
102305 110748
157726 158002
108584 22636
9620 9697
259072 266780
108683 25539
227736 13586
102647 102047
268402 253813
159835 147154
101931 107266
31982 32545
223583 224050
286888 285632
37411 32976
107298 101931
413252 421535
13670 3797
270076 259196
221026 220845
224055 223583
32545 32076
32670 32976
145366 138079
221528 223708
223486 103642
125772 125632
216469 228400
32069 33170
32736 33080
123264 123124
28103 27223
268865 265638
4142 216469
216757 215736
57899 58395
221026 222276
220503 221284
215989 229998
421535 414902
213446 228076
427775 420480
32837 32976
106556 101931
254411 254314
33080 33830
108683 106996
166870 167579
205605 224511
6061 6305
159922 158002
223496 103547
107046 109683
258970 253813
145170 144785
3521 5146
217015 97568
224939 224223
420896 420221
150791 150636
32274 32545
100774 100440
7560 97568
3294 3278
254026 270991
103795 98571
31669 30134
124971 120033
5933 3964
288467 285632
229998 214346
258005 257775
26752 27223
26685 27223
14315 9601
98276 103795
161519 154235
39352 33548
108855 109683
99878 100325
51478 52066
257775 258306
123139 123264
144785 145178
216583 215736
356656 356542
162343 155608
207866 208081
259234 257931
216469 215898
36869 118653
149933 150791
32976 31286
422268 421535
102047 101809
99878 99863
257775 268121
39352 34448
24802 23970
366722 366798
228087 221528
108683 107657
116542 114851
149945 138079
221026 220452
219069 210253
366408 366741
150791 153359
150825 153551
257871 258209
258209 258179
32773 38688
229998 212666
108683 107173
39721 32976
118765 25098
364132 366408
21227 23970
367477 367096
216217 215736
231184 224511
221528 221805
258903 259103
97568 97804
16357 97568
429651 429084
421535 421409
220813 221958
253813 258992
218506 212965
366408 366765
102076 25235
32976 35823
121540 123264
38058 108052
217824 97568
145563 149940
34242 33080
54639 54543
111314 99918
106268 22636
145400 138157
223583 223965
421841 421535
4235 3964
108244 25235
262891 268454
145695 153204
13384 9620
421374 428101
212492 229998
268158 269755
30572 32069
259196 257822
39412 32545
257570 253813
99878 100916
53175 54055
15004 15638
15004 8597
262730 268454
269755 257465
257777 253813
99878 98865
32976 32570
147154 146879
38688 31464
62936 51478
223961 224511
14538 3060
218262 217089
150076 150791
97568 98663
216469 215840
15004 8199
159693 154759
33582 32976
268454 263086
32976 36498
52028 51478
422699 415077
14566 8660
123355 123264
285399 289769
111155 100774
98142 103795
123367 123264
33306 39352
5800 3964
285632 289280
145952 146153
74939 75166
102430 100774
412313 428101
223800 221797
32976 33455
422465 421535
145124 149940
103856 103795
32069 32217
33080 37330
289756 285632
7244 217089
223567 224511
37127 34134
9291 10174
218472 13586
104079 103795
215736 228569
168888 168851
213973 215736
121315 124971
218348 103795
102267 110748
107560 38058
213043 229998
119310 124904
30595 32545
263332 262828
421120 421535
22636 22798
70056 70573
134041 134565
216498 229998
22636 22208
111110 97568
32545 36372
105304 223496
212965 212615
420910 421535
224511 224084
404471 403744
154830 159693
33778 34134
32380 32976
228737 217089
101601 101286
261740 254419
417841 418248
430308 429507
254419 260523
419684 429084
54445 54639
99180 99878
124971 123944
227337 224939
217089 97972
227178 215736
110422 12100
212965 205554
147154 146974
422687 415077
101931 100622
205605 103401
24333 25098
103401 231067
38058 108080
216469 228406
367640 367545
257775 258310
217851 97568
108108 25235
99878 100610
216469 215793
13976 2670
151919 151415
55250 55628
144755 147154
8660 15911
147282 147722
111232 110823
121089 123962
109848 109145
367108 366408
14876 2394
5951 3964
366408 364121
16165 8237
53629 53175
216367 215736
117127 116542
153309 145695
4133 212965
9601 9223
261695 260493
150791 150607
119310 119411
103642 226057
15450 5146
224939 225199
3964 4508
13796 3797
261459 262828
13671 3797
221026 221186
106894 108683
25235 106638
326967 329553
32069 32505
143668 143895
121483 123264
430312 427775
10174 43
155626 162343
221026 220472
22558 23970
273201 259196
10174 13781
109683 108618
97568 216831
147282 160757
107437 101931
288026 285632
22636 22108
15683 2675
267360 266780
28001 27223
267377 267441
31300 38688
102538 101931
144785 144719
23970 24448
98265 103795
213035 212965
100809 99878
417301 421535
269469 265466
289806 285632
34134 39678
108337 38058
101781 101931
97978 217089
166871 166634
420896 424288
253813 270092
110992 99878
213038 215736
66126 54639
263336 265638
39352 33514
13586 7030
16437 11389
33080 38330
3500 5146
103795 99268
214104 215736
226157 103401
6305 6691
109535 109145
257931 266138
100863 101931
153167 147154
220292 221958
101931 102289
32976 30111
273366 269755
263025 262828
25098 118562
223583 224397
15865 8660
116542 125639
102684 110748
166871 165319
285632 289279
221958 222371
3681 3964
64099 58395
257775 251976
223789 228079
121555 36869
99480 99841
223789 230625
226927 210253
99434 7752
108683 25510
367498 367477
151415 151261
33345 32976
110748 102248
170992 167579
8217 15004
155839 162128
221797 230620
110043 110422
97568 97609
180602 180293
226961 228152
213254 213446
221284 226566
13586 14744
288161 289769
116542 126196
263104 268454
36869 118620
103059 102047
51478 52408
147496 159946
226427 217089
22636 22901
228152 225491
229998 216791
107014 108683
16165 5660
11364 11389
24361 24588
100025 99878
212640 229998
109923 111232
149995 150825
221958 222473
221026 220727
145258 149940
210081 213446
103795 104587
108683 107587
149940 161549
166075 166483
220622 221284
101701 101286
102269 102953
257703 269755
221471 221026
421039 420313
10174 9817
212938 212965
157733 158002
124019 125772
6305 6728
109145 103772
110627 110645
25098 25211
158002 159936
56909 55628
421535 417046
150791 152095
7810 7752
99480 99315
97568 217067
221797 223993
102752 102047
100774 100232
149940 138157
367545 367554
24486 24588
216510 13586
429809 429765
114931 123767
257717 259196
54639 56856
33013 33080
101538 100774
120542 121089
100656 99878
102044 100774
3797 15135
221797 111056
150733 150825
99918 100771
55123 54639
123264 118944
125772 116711
24470 25098
31669 36383
2630 5146
108975 111232
270369 257775
367151 367477
14505 3797
102694 102269
55628 55081
337083 335252
110748 110741
216660 215736
223583 223825
98445 97568
119310 123482
154235 161502
145349 138079
254411 261801
223663 220060
109780 111232
215736 229768
257702 257775
289769 285641
220722 221284
9868 101286
108683 25333
159693 158985
430006 420313
126112 121987
101431 101286
225325 224939
208707 228152
268454 262902
31698 32069
102047 102789
102047 101180
106853 109683
224244 223789
32817 33080
5146 15143
223832 223789
14642 5669
15153 14538
228152 225470
107186 22636
254411 268074
7752 99526
103795 104443
150134 150791
36503 32976
116542 117148
216469 213167
367073 366408
224511 223985
32976 32715
2369 14676
107888 38058
36869 121625
217278 217089
156428 160145
266929 266852
166659 166483
147296 147693
159815 147154
224093 223583
53175 52849
22636 22439
108073 38058
102586 102269
258903 268928
27223 27640
123264 123377
216217 216469
108683 107029
257785 257931
338685 339310
227303 103642
134565 133978
110422 110062
103742 217089
269755 258723
428533 421535
223583 224159
9358 9601
21226 25098
145400 159587
54639 57158
167579 167735
101620 102269
13928 3964
221284 221146
102551 101931
2670 2574
3964 4615
16829 2394
216034 229998
216019 215736
256781 266725
151061 150825
145400 144866
208033 206567
216753 229998
412240 428101
160494 147496
106757 38058
107600 38058
66710 71274
23970 24582
166483 166752
268454 263087
80718 80726
82617 80140
224012 223583
16165 5584
109683 34914
223297 221284
138079 150100
145436 149940
102047 101660
147496 145371
271805 254419
98031 97568
24340 25098
229677 221797
269755 257472
266780 266877
367545 361594
273448 270746
3964 2049
32069 31915
15163 2394
224511 226608
32045 31669
103642 105289
216742 215736
15004 8215
224511 224413
13586 218475
166483 166673
152366 150791
226456 208406
102814 25235
149037 158931
221132 221026
14280 9620
217755 217089
220514 221284
102269 102949
99878 100849
366408 366288
224511 224199
31903 32069
106636 102047
3964 13578
9514 11663
99831 100774
207842 207866
38058 108288
215736 227532
216469 215870
16150 14642
31669 37232
15395 3294
366926 366722
271498 269797
23970 24360
228152 224133
24327 36869
100623 101931
97568 217016
229998 216008
209516 220672
257997 253813
101755 101931
412885 420313
381017 381987
147496 147645
153004 150825
11188 11389
52450 51478
101637 102269
22636 22255
37377 33080
221755 221528
103795 225983
100667 100774
25039 36869
261843 254411
103401 221564
228585 215736
145695 153177
258209 258353
33080 39093
101599 101931
5146 5218
228152 226915
6997 97568
257931 251887
213446 214181
260493 260755
151229 147496
110748 103065
115459 115893
220703 209516
100307 100774
144873 149940
4111 212965
420953 421535
344195 345110
110748 103262
229750 213446
22124 22636
145225 145400
102026 101931
32069 33204
285632 288591
366826 366722
99480 97811
120723 120880
20832 25098
32069 31897
217089 216749
263069 268454
22075 23970
7228 217089
3964 3675
32545 32767
36869 118538
258401 257931
55628 57413
221823 221528
80466 80726
258162 257931
429981 420313
34134 39006
32545 30520
36869 24580
367317 367545
223583 231444
66934 70549
229714 223230
102269 101648
217089 218011
221528 223249
31336 32976
417917 417811
258903 268012
102047 101834
217948 217089
109145 26398
24901 36869
217089 97690
428164 412784
11663 9470
99878 99788
25242 25235
38100 33080
15004 3033
103642 105271
282470 282423
31164 32976
158002 138742
257806 258209
25235 107340
259196 257484
258209 257934
104564 103795
32976 39245
36869 27763
150121 150791
215736 216411
219941 218817
125772 116678
2675 15405
217089 97718
99480 99946
258903 258064
9503 11663
258209 259040
212474 215736
221797 103473
9218 10174
223597 224511
228152 230619
24614 23970
15440 15004
23849 36869
260385 260493
145400 145281
216469 229526
37211 38688
32945 32545
224939 224217
32069 30281
254411 261819
224939 224148
150221 150825
216575 229998
215736 214341
263285 262828
3906 3964
32976 35818
150825 152049
58395 62631
222282 221026
262828 253144
217089 7202
101286 100767
366722 366860
149940 150418
101931 101132
151449 151415
13586 227742
116933 124971
118661 25098
102047 106553
217089 97686
123264 119081
268454 263357
213546 213446
381017 378717
21131 32545
216867 97568
