5146 8771
144785 145441
24559 36869
101701 99918
223583 221589
143668 143177
213446 216216
147496 147879
13586 229439
58722 62254
14676 15258
213446 216518
5146 5254
110748 103218
156223 150791
114931 115015
32976 38982
168888 165583
102566 100774
124904 25098
155319 151415
160572 162343
29805 32069
108683 22868
66866 70056
38688 33745
366408 367034
16337 9601
145592 145695
4126 3964
102269 99451
25235 101671
9601 10174
213262 215736
102047 99820
26535 111232
25235 100824
269028 254411
268454 256395
70056 70552
66837 66934
23437 36869
262828 256049
387777 387998
3878 212965
14804 2675
24469 23970
229998 213866
108739 22636
150791 154059
223789 228137
28881 119310
268454 263677
9601 9725
101286 99668
108889 22636
3486 14642
3964 5694
149640 151415
253638 260381
145803 143668
414938 420896
100338 102269
103118 102047
417990 417841
147496 146895
227537 212965
266889 257931
212620 215736
421987 420313
38058 108899
224005 224939
99918 97687
6269 3964
148005 147296
268514 268454
136281 136276
427103 427982
101460 101286
99099 100774
103795 105234
104805 223496
147940 147496
2573 3797
160837 148877
223733 221528
4121 2670
99918 102285
363985 366408
145400 150598
4856 3964
98435 100774
268454 260881
367477 367200
109610 27223
433239 434283
5146 5869
31669 29461
151415 152223
144899 145400
23970 22504
262828 262059
108683 106257
288192 289769
33895 34134
14642 16543
123612 25098
221284 220193
34237 32976
166871 167344
258903 269273
417729 417917
221570 223230
38688 33376
223496 104830
16380 2915
25098 27696
16165 6446
39374 33080
108834 25235
36869 36191
229998 16130
285632 289045
98819 97568
109683 107559
166871 167702
103642 105347
355848 356656
217089 217529
228438 213446
264371 264257
429809 421091
7752 100477
158931 137580
258209 259035
109683 107359
28600 28783
151415 151525
3242 3964
162343 151780
109683 110935
33080 33238
150998 151415
136276 164102
150780 145400
259196 258494
3287 2375
215736 212127
211292 212965
102047 109372
37940 27223
38058 25757
154997 159693
103642 22143
119063 25098
111738 100774
260493 261415
5146 212034
149940 153037
420108 421535
418593 417437
119113 123264
429809 421521
404471 404070
229815 224939
149919 144785
150791 144804
101286 100461
145400 145482
221958 103907
14861 5146
100930 99918
257931 269057
38058 108976
215643 213446
217090 216469
33924 34134
57640 54639
103795 99157
24616 25098
215758 213446
229998 211301
64495 54639
103642 105425
226064 223496
221250 221958
212965 211162
148540 148877
101857 101286
420896 428258
262126 260493
38058 107188
215736 213788
56191 51185
212966 3964
125329 123264
36869 27852
26878 27223
103795 106080
58395 56893
415077 421393
7342 7752
103502 224511
150185 144785
429507 415278
101747 110748
367254 366722
25235 106498
32545 33319
223409 223789
99204 102047
31669 35959
222253 223230
152324 151415
31669 32343
155425 162128
146928 147496
2394 61411
222791 221284
97726 99878
23970 25108
149261 149940
22636 104394
162303 140600
224752 223789
99918 99669
253813 258195
221284 103591
29140 31669
159693 160239
217089 98293
153144 145400
145400 150849
100724 110748
2675 2878
109683 107307
257931 259345
12594 110627
14885 13586
212994 213446
421737 429809
100162 101286
415077 422746
403690 403804
420612 420896
269797 270981
167579 166167
221958 220900
417129 415077
224939 220059
57720 55628
166483 171749
51478 51572
55628 58190
30442 32069
221021 223230
221958 223115
152547 160145
262828 263790
25098 24101
25235 103271
110748 111291
229646 103401
430075 428164
226223 212965
97568 99898
100172 103795
98072 103795
259337 258903
103369 224939
212965 215832
230668 223230
356656 356759
169261 169281
25098 23466
110748 103319
118735 119310
102947 100774
51185 66294
106810 109683
108683 22910
220841 209516
101389 99918
147496 162593
34134 38105
119310 28251
257092 253813
38058 100975
103795 218671
103642 218363
222453 103642
420764 420896
38058 106427
3797 15603
98500 7752
7752 101614
155749 148877
101727 101931
26508 109145
150029 145400
6035 3964
14642 15899
417437 417570
269797 259043
229998 213678
220863 223230
145361 144785
262828 273620
160145 152791
144785 144715
221284 220732
367545 370403
3824 16165
229609 103642
108683 109150
64556 54639
101644 99918
33106 38688
258094 267732
99480 98814
224939 224057
99878 106375
101931 108073
137971 163853
257931 266806
134975 134565
25235 109306
420313 428196
32976 32739
98981 99918
147325 147496
206556 207866
217219 97568
162343 148646
101256 38058
106260 108683
104636 101931
420313 428959
253813 250137
218442 212965
101286 101900
53175 51752
107287 101286
150791 152445
110783 103642
2448 3294
213409 216469
32545 30213
108683 109879
219984 228152
273785 269755
104602 99878
100315 101286
253813 257678
213446 214020
162343 155116
119310 27593
3797 14000
125250 117136
101931 98981
54400 54639
152330 149940
221534 223230
10653 102047
429507 415295
125772 126069
214404 216469
221284 220770
222937 223230
422476 415077
221284 230362
145438 144785
223789 224583
123264 124949
125772 117008
220221 221284
103254 25235
97568 7730
158931 161894
8280 14642
260493 260864
257931 259096
5168 14538
115107 116542
210253 214532
162128 155946
25663 108683
2915 8134
148877 155110
150565 145400
258511 258903
14642 2575
266929 258382
58559 62254
430073 420896
152396 150825
224291 224939
270198 257931
147496 160874
169084 171273
120308 124971
149940 153376
57734 55628
100287 99480
13309 2670
330936 330920
2915 430
100962 103795
223230 105375
222386 103642
259359 257931
205633 212965
159215 148877
38688 33527
25840 108683
253813 257308
144884 145400
57236 54639
420601 430323
52645 51478
101626 99480
163771 158334
169090 168888
428101 422473
24588 25128
123088 25098
152260 150825
145695 162965
221774 224511
150825 151984
70554 69868
37261 38688
25235 107007
98829 99918
38050 36869
160930 148877
262828 260663
108864 109145
429809 421425
102816 110748
220824 103795
32545 36751
104323 22636
256781 252022
100774 100078
428611 429809
415274 415449
213075 3964
100445 38058
16249 9601
36869 23473
145068 144785
98538 99878
229998 212303
33080 37868
5739 14538
161186 158002
25230 100774
99878 7784
56590 51185
221026 230308
218025 97568
23325 103642
265638 262812
33110 34134
213446 210153
259424 269755
228152 223921
229998 212389
3993 5146
149940 144666
152737 151415
38058 107144
160266 154235
99918 99258
25235 106901
5146 13759
100808 110748
7752 16349
269797 256950
228309 223583
3964 218463
408731 284387
111386 223583
221674 224511
149940 145479
109683 105957
162343 155801
102043 99878
32584 31669
162303 140658
6628 9601
226068 221958
13586 212747
421535 429005
36869 123143
152743 151415
120880 120168
210253 205615
5176 2670
101931 99157
426854 267377
212545 13586
149728 145400
213446 227721
221958 223203
97568 217689
147496 147365
102047 103304
110627 110481
32545 21424
159106 154235
33080 33397
105394 23970
32069 35278
147496 160978
105609 22636
2675 2463
99918 100046
152332 160145
103795 98010
3096 5146
211446 13586
7752 98643
212965 4965
404471 404238
52912 51478
101931 99415
36869 23446
147496 151760
53175 65374
103355 109683
106542 108683
100774 101384
148654 147496
36869 24707
120060 121089
220383 221958
6977 217089
162343 151236
221579 223789
38058 109291
268454 261059
32587 33080
148877 155288
221958 217473
36869 118690
110588 110422
228365 229998
157063 162343
221528 229679
101286 102031
221958 215248
108251 101931
421562 420313
223230 222320
262828 261206
102269 108215
290109 432277
103795 217576
224511 225043
39264 34134
5146 15081
404471 404065
102126 38058
101286 99389
145195 144785
217089 222584
111232 108398
209516 222318
228420 97568
109145 25829
145531 145400
429507 416984
210253 209558
150825 153086
103337 25235
13600 212965
266780 266243
25098 118752
101620 25235
119310 35558
2670 3501
387998 388162
262828 261161
345062 342313
259196 259242
15558 2675
101653 110748
221026 227947
157497 160145
102269 21477
58000 55628
109232 102047
224939 223825
23970 26803
229993 215736
159693 153038
266851 257931
147496 147395
106575 102047
223274 221797
125772 117216
224220 221797
105594 22636
102050 99878
26093 109683
256674 269797
268254 260493
7752 7683
13586 231074
167444 171738
214551 217089
2984 14538
224939 23251
422152 429809
162729 147282
101932 102269
16184 14538
103879 223496
25235 21586
8309 14642
256670 256531
257536 259196
213446 228671
14813 2670
101286 102196
6171 212965
15004 3060
227750 215736
5508 2675
38058 22746
38688 32042
150791 151372
167579 166223
213446 215726
158960 145400
7065 217089
105442 223230
224550 224939
427103 427983
217089 217199
109259 102269
102142 102269
22636 106969
2748 2375
167579 166166
62739 58395
108829 22636
8005 2675
267377 268239
121089 37985
150791 153163
100774 99415
100618 7752
229998 213179
153122 149940
73616 74939
31669 32373
147255 147282
221293 221958
119310 125086
213209 229998
109683 25766
224587 221797
109195 102269
154235 153196
100774 98458
55628 57712
110740 102269
257237 268454
13516 6305
145512 144785
2915 862
221797 213291
100474 101931
67157 70554
98037 99480
421535 428087
213446 229831
149311 144785
427635 427521
213446 209205
5146 212008
230017 223583
15135 15004
108646 109145
215651 217089
258209 273368
262828 259549
270746 259797
217089 218173
10627 110748
108536 25235
70554 66865
166684 166871
2037 5146
99355 101286
15004 2933
121119 25098
408731 408729
147154 147009
98144 97568
270582 265638
150791 156057
417437 413696
55628 57994
111497 102269
12283 110338
15151 16165
229998 212333
22903 108683
224145 224511
56647 51185
103354 7752
215991 97568
147154 147036
119279 123264
220394 209516
119310 28395
257900 258903
227891 221528
221797 223179
267377 254676
32390 31669
3797 14510
415077 421461
105378 103642
169261 168428
141454 158002
3964 6551
158580 158002
228152 221722
147496 148624
111232 25498
100565 102269
33080 32056
151388 150791
108683 106763
144560 145400
36869 122708
7752 99173
153634 150825
101286 100622
104321 221284
151415 151753
99918 101912
143914 143668
227957 223230
228065 215736
5146 13573
28616 28783
339310 338726
124971 120556
262828 263830
223230 103352
212965 229998
14538 2343
7245 99480
224901 223583
224939 224816
103642 21882
257931 266781
22636 104918
100217 102047
22636 23897
102269 34915
270040 268454
33080 37881
99480 111097
3964 218370
15710 2394
24497 25098
160892 148910
230353 221284
261356 260493
101931 99304
58575 58395
421549 420313
6133 212965
124694 25098
4141 3964
224511 223553
100774 98498
262828 255343
356656 356484
36869 123113
266787 256781
417186 417437
109145 28018
221528 223252
164515 158002
109683 110806
3797 3276
9620 10400
101931 100021
99918 98812
2675 2296
14642 8414
222910 221026
99766 102047
225994 223496
99878 99652
7211 99480
106129 108683
99918 101344
258543 258209
164398 162343
205556 228152
102269 109296
217089 98848
147282 147891
428164 421551
139109 139270
99753 102047
102735 25235
146959 147496
118844 25098
10041 101286
100700 110748
224678 223789
213446 215951
34269 38688
108063 111232
110748 111751
224242 221528
217089 97825
31669 25965
223583 231928
22814 38058
223583 225386
108942 22636
119310 119994
133397 134565
10256 110748
14538 15666
8501 15004
97568 99023
263506 262828
57095 55628
31669 29158
144785 150494
98938 99918
97508 215736
123269 36869
428101 418971
143246 148451
32976 39468
223230 223163
420896 421272
157574 158002
144785 145362
254411 268672
155597 147282
101683 110748
109683 100987
101104 102269
23970 21971
23970 22532
212965 229044
227439 218817
13586 218579
3294 212028
15805 3797
101286 105648
32545 30380
404105 403804
100111 99918
55628 54610
115849 115893
144785 160442
421974 420313
213446 215857
221958 220359
30925 38688
145400 150597
216299 97568
22184 109683
285632 289520
29484 25235
212965 216657
101931 99977
213446 212371
66181 58395
167055 169261
216469 211517
100708 99480
3294 211977
100774 106432
22636 21645
220060 229625
420896 429928
25235 102431
107505 109683
119310 28341
218685 97568
150825 149260
155131 147496
257775 259290
123264 27885
6305 7895
36869 24497
3797 8280
215799 13586
63056 53175
429809 429941
3294 3348
99609 110748
4521 5146
212949 215736
110338 12221
109683 25416
224966 228152
6247 5146
429809 421640
150825 153966
159138 158931
116796 116542
260493 270179
109737 108683
230586 103401
221026 222650
10978 15948
111232 26134
25098 24278
155811 162343
265638 254019
151992 138079
420498 430323
151652 147496
25235 109323
345317 344195
36869 24102
97568 99742
22636 108409
217089 7004
4835 216469
228162 224939
103423 223789
15900 14642
428101 422350
13335 217089
366978 366722
22304 23970
8788 14642
7752 7320
223996 224939
56765 55628
420324 428101
160310 147282
262272 260493
430323 428900
4612 212965
13586 212509
107300 102269
108780 109683
224511 224869
107590 102047
149940 144545
220060 224703
9620 10341
24588 23631
133561 134565
429809 428819
108683 105981
422390 421535
253565 253617
6305 7299
28873 119310
213128 216469
166125 167579
23251 36869
6305 213212
39262 31669
36000 32069
37905 38688
7752 7843
268454 261129
31721 32976
21473 25235
221958 220545
225243 223583
110627 110159
58555 58395
10174 9184
27223 25337
15603 14642
231427 224511
2463 14676
98887 100774
147154 147090
159322 145400
51472 53175
420966 420313
70056 71183
221958 103554
263788 262828
108683 108071
99812 101931
103382 223789
