159295 148942
109469 109683
27223 23622
103407 23970
111232 103143
51185 61844
149940 154516
29745 110338
22636 101241
144709 147282
224511 23781
31669 109561
111232 101119
99298 109683
148910 138954
64237 52364
149928 147496
15275 32545
166871 169362
428417 420313
100614 109683
274084 254439
2394 227848
102716 99878
154532 138079
14642 60952
111371 102047
149940 160082
212972 3964
263050 260493
105913 103642
107048 99878
111232 30653
224939 118919
144785 152411
148877 158522
14290 15004
7752 98278
102106 108683
217089 222416
27631 109683
102269 28989
10028 99480
28541 38688
148877 161871
266780 268909
148942 159426
37720 108683
22636 222208
99743 22636
14642 211925
14538 14652
110422 102993
106248 101931
12297 102269
150791 155485
223230 22108
147144 147282
4334 9601
3294 63990
218383 7752
51725 51185
25888 109145
221528 225720
228152 24021
98436 229998
102269 13231
150825 157509
97585 212965
103662 24588
7837 97568
5146 8075
268954 253813
149877 147154
150630 162343
13586 9066
221026 227345
109145 24152
162128 152148
102690 110338
100085 22636
212965 7217
223229 223583
36239 38688
258727 270746
7752 212938
99878 102858
213446 217906
103795 107618
101286 111270
36869 125126
153142 144785
22636 231562
147154 150813
105520 217089
224511 23723
144785 160403
27181 109683
3763 15004
102269 217882
24588 223387
225633 223789
223496 221601
37159 25235
102269 97707
9620 101438
229998 6203
257931 263496
4354 16165
151254 147496
264257 254669
105121 221026
25235 10285
217749 223496
23010 109683
121089 123275
162103 147496
6305 216543
223789 221074
36844 223230
223230 222081
215736 218149
99480 104011
103401 24358
223230 225250
269805 259196
103795 7717
220282 223230
25098 28030
149940 159183
417770 427521
148451 158929
217107 213446
270154 269797
7863 14642
24588 224204
429809 420758
223230 225136
100774 221978
101003 103642
231091 215736
144785 159773
3294 218395
103401 221181
366775 367545
23242 221528
9601 5155
36869 107110
415077 424453
28783 120098
230703 223583
213446 212559
102047 12040
217089 210643
343208 342982
27724 119310
6305 9701
39746 100774
147496 162381
218341 109683
103642 228158
22072 108683
109145 111388
98051 109683
5146 225879
14538 10954
216156 100774
106855 36869
221528 225040
155425 148877
36401 102269
227840 7752
109683 38416
102047 12383
2915 9721
21999 221026
162343 147373
160145 145566
39542 31669
8694 5146
150825 160630
145484 147154
215115 99480
252322 253565
160145 151035
215369 97568
51478 271349
107688 102047
155976 148877
224939 22563
254411 261003
109145 29895
210253 218237
121479 27223
15004 11035
108683 104513
110993 109145
23970 123406
108683 35520
106240 97568
5252 3964
270746 259350
11663 5439
101286 111502
5807 2915
149940 156210
259196 259529
2908 8660
23715 223496
261847 260493
144319 138079
105476 22636
149718 144785
256781 269052
106130 102047
162128 150982
148942 155300
22636 24461
15004 11167
151412 147496
427172 51185
215736 209312
34331 31669
147496 149467
101748 97568
102048 97568
217702 215736
217877 210253
103725 220060
150825 146917
5146 212270
212965 214943
3150 15004
160361 138079
217089 213369
147496 154334
14642 212307
3814 2394
10978 5445
2375 60612
260714 270991
160145 150839
145700 150791
31669 111795
54639 64024
101758 38058
5146 213755
14676 3797
110627 12283
147496 148833
153669 145400
107657 24588
269755 263656
212965 7929
27433 109145
23970 121472
221528 225787
260493 254467
105932 109145
269755 266952
260630 254419
119310 27050
2394 3368
155680 138079
15218 2394
212965 97561
8677 5146
16722 10978
97716 212965
99918 216435
10978 5712
211887 16165
257512 266929
150791 157385
221951 223496
149940 153738
2915 16596
213096 97568
6665 2915
150791 157552
24279 22636
106874 101286
156219 144785
224311 223230
210253 218016
223496 106694
435087 435095
212965 99808
262093 254411
168763 171273
3964 3001
273403 256531
223471 23970
25098 123686
56445 55628
162343 151480
427521 417499
2375 5572
24588 119114
260997 260493
3930 97568
111232 27124
215684 3964
102047 108899
211829 5146
225550 221528
22504 102047
105902 99918
99811 10174
34134 31098
26684 109145
152301 160145
108683 35680
103642 22793
13184 100774
9620 102392
110422 102346
160865 162343
109986 110627
221528 97391
148942 139150
268489 270746
145400 155209
119310 26470
5210 212965
101931 98543
101931 26237
100774 9287
100969 7752
108683 26976
221284 226157
223789 36839
212965 217703
427103 52271
149940 163988
105744 221026
7232 7752
150825 155697
115893 121307
158493 154235
405581 405534
217415 223496
109683 27138
119310 114090
163775 158002
104161 108683
9601 4040
99233 25235
114612 124971
34134 31872
109683 225975
109683 223476
222824 223230
162343 149719
217829 221026
109683 98731
14642 61026
415356 427103
270746 261172
58623 54639
162128 162718
254419 262330
21889 24588
35179 101931
162333 147496
147282 155179
109683 26084
367545 366552
109145 121197
97568 214330
116783 121987
14704 217089
107761 97568
101286 13781
34669 37794
16488 9620
119310 120224
15004 11040
33080 28611
3294 210958
254723 253813
223496 22678
123263 121089
16165 65706
105496 224511
158516 162343
160145 150251
415634 429507
152531 162128
15387 16165
28874 25098
221284 217880
212965 15327
7752 107361
147154 151253
147154 151187
9620 16251
273989 254411
109252 109683
37949 32976
159693 152898
256781 252208
99480 102976
151578 162128
106952 102269
2915 14778
162343 164441
61174 427103
218817 208207
7752 227611
3964 7467
5146 7551
268454 257586
15004 9121
215736 4530
99918 25894
82617 82293
108683 27120
210253 216873
270773 257931
104039 102047
11874 101286
65316 51185
231078 221528
217641 101286
9339 3964
151392 144785
430323 420846
232540 232231
417548 429507
217580 99878
223496 225341
161055 148451
266743 257931
54639 57809
158992 150791
28882 28783
55628 56697
2579 15004
8660 5174
156223 149940
144785 152389
24300 224511
150391 149940
147282 161312
224511 221273
16165 6217
38058 28030
108683 104680
217566 99878
101286 25242
147154 160613
30059 108683
366407 367477
10249 99878
216715 100774
162505 147296
16076 2375
104616 109683
109145 103207
419414 417917
3294 212392
158973 147496
214529 217089
32069 29143
24556 221797
22636 103383
10286 25235
3964 213151
103642 23275
268370 429084
159021 149940
225268 220060
6025 217089
108683 24121
26052 102269
335282 361391
97949 102047
213446 215319
221284 229503
3964 14639
104585 101286
159693 145507
213446 4025
268304 260493
147496 156235
7752 100944
221958 107041
218520 101286
59859 2375
66811 70056
224939 223851
221958 217727
110338 10228
217089 221971
162343 151418
7472 102047
218115 103642
25098 123485
12176 102047
103401 224740
254419 261940
105577 209516
429963 429809
37164 38058
51185 52907
228513 220060
266929 256822
262828 260490
270929 258209
253638 260236
31669 13905
107118 221026
220267 221528
108683 105881
100608 97568
13932 2394
104066 221026
148942 161007
109683 24546
124415 121987
2675 212003
262476 254411
103642 23771
99480 103335
106996 221284
103722 224939
2806 14642
215011 215736
212965 215712
9302 15004
103518 103642
97717 212965
100013 108683
223496 223683
223496 22454
3636 16165
106501 111232
99878 25538
163771 157186
99918 105206
27243 28783
221026 214811
35350 22636
24018 38058
255163 269755
228211 212965
16577 6305
12090 102269
109340 100774
260493 263656
105778 102047
271479 260493
149606 160145
160145 158008
150724 147496
253638 259866
162343 164451
147154 155325
214412 3964
224511 24793
258252 267377
109145 100952
6271 5146
15004 4727
222341 36869
145695 153562
103795 228818
6305 8733
22856 25235
64237 51831
143668 117890
216789 100774
6647 15004
110422 103258
252406 256781
22636 223101
24005 221797
36869 224521
218817 229678
148910 148554
99707 22636
211623 217089
221984 221528
110627 10446
16508 14642
262230 254411
66934 66824
22636 106598
101931 29754
160886 147154
109683 29083
103795 210572
100774 6893
22838 25235
6305 227622
100774 26219
107046 24588
254411 260053
268454 258753
109145 105695
267367 267732
223230 222746
150791 155833
10050 6305
217089 14953
150791 153889
221843 101931
144501 138079
148942 161360
221284 214869
109683 28709
415643 429507
109683 103534
222553 97568
221541 220060
344195 344325
88 14538
134565 135224
224712 25098
16165 9595
16165 13582
16165 211848
108683 103253
25098 28559
23167 109683
26988 109683
156062 162343
221165 223496
38058 100339
160366 148451
21984 109683
104826 102047
216110 99480
267460 266929
108804 103642
213371 229998
110141 9620
103642 229622
221026 104648
36869 22415
38058 226375
36503 31669
144785 162941
25098 225523
148610 147154
122718 24588
28028 22636
27995 22636
15004 2180
270587 269755
224078 221284
329016 329553
22636 23242
150072 147496
61703 14676
108683 21375
270746 273227
9063 99918
229998 217284
217114 13586
28129 38058
98826 212965
258522 267732
14642 14010
153912 159693
229117 215736
124400 121987
163771 157117
162343 154451
366722 367451
148877 149736
4735 9601
99878 9659
223789 225649
38688 30802
157965 147154
36869 36706
13524 229998
269755 273303
54639 58141
212965 213918
69929 70554
2394 63171
137459 151415
261409 270991
143668 145947
222773 221284
6305 3095
99984 22636
23474 224511
420313 420709
103795 216785
103717 223789
99855 103795
160007 138079
229980 36869
428101 419925
64237 51674
216331 99878
117456 117884
54639 62581
221958 97657
149088 147496
36869 26440
171539 165952
166871 169244
221026 106916
110755 36869
120880 120159
97568 102465
100774 108298
230621 218817
23970 104282
273466 262828
6305 216709
264236 266929
221797 227290
14172 15004
144785 147099
218610 99480
14597 15004
257457 256781
162458 147496
62254 56573
9357 16165
21353 102269
6242 7752
109683 99706
209304 210253
38058 36375
22827 38058
212965 211813
107222 103642
366722 367518
16165 4802
102047 109868
38058 100220
60509 3294
366722 367544
265638 270891
26005 32976
103812 221284
266929 258009
51423 64237
146380 143668
223230 104982
14370 15004
105618 221528
108683 28607
150791 153654
100774 39314
103795 6989
25098 28527
38688 38519
107704 103795
254411 264872
217089 4332
97568 228018
5085 2915
99480 216396
162128 147748
15455 16165
231389 223583
24806 224511
16165 7605
53175 429397
217712 229998
415077 420689
255315 255146
215919 7752
109683 103034
150791 151602
106870 103795
417917 416654
103401 225163
32976 36979
2375 60773
156564 150791
263741 260493
261605 254419
28783 120147
267100 269797
217089 105150
51188 51478
258601 262828
164604 150791
6305 216260
106775 221026
52604 51185
56786 62254
220127 221958
417535 417917
221382 221284
63998 58395
150791 162457
366722 369272
57951 58395
108683 36320
120044 119310
138079 160114
99878 103175
100015 6305
25235 98127
149499 147496
155997 138079
223230 224181
11663 9814
103795 220865
103642 230344
5146 14282
223496 220719
150791 144162
222446 22636
221990 221528
212965 213801
221797 223090
228152 111157
26812 119310
421104 430323
28649 123264
180602 172871
6305 213965
20173 20805
6508 99480
216837 100774
102047 218127
270505 256781
111237 9601
102240 9601
259196 263141
262828 268353
99480 7116
22026 25098
260493 260321
145400 152223
99918 10147
25235 30463
344195 343920
155176 147496
217089 210273
22636 222520
97369 9601
3294 6519
213446 212560
31669 110449
98023 229998
269755 252422
104626 217089
12095 32976
25341 25235
102269 26233
38058 104032
11663 2866
28783 122522
106529 223496
267436 274084
221284 217556
32545 27269
99480 215871
16165 1802
100398 7752
6137 100774
39056 223496
260493 270216
223199 228152
14538 15204
23182 223496
221797 225109
3294 60571
160145 158105
37169 38058
221958 224459
8377 14676
152791 149940
424821 424059
32976 28495
110871 13586
23970 106651
217089 214738
100774 105605
102269 110894
16086 15004
274084 267156
10174 101011
119310 120186
222838 22636
218817 221600
152368 145400
3651 6305
36240 38688
27223 111730
225479 36869
14642 212039
223496 224406
9620 3810
152047 147496
288920 288849
228657 212965
259522 253813
4699 99878
269062 268454
22636 224613
29531 108683
223230 229668
420896 423194
12075 102047
102269 26401
267732 259192
64066 58395
160145 156512
415077 413010
24588 106504
99254 38058
24078 223230
104107 101931
51478 64720
5874 99918
223230 23993
158931 163879
14676 211986
37306 27223
2915 3426
159349 144785
3315 2394
27644 38058
156402 145400
61257 14642
105129 221797
23210 103795
58595 55628
98887 215736
104459 109683
162128 149508
171273 171259
150778 154235
103769 119310
103642 224838
210843 24588
218763 209516
215736 98512
35161 119310
30907 38058
429084 420000
25098 26511
37016 38688
108683 29669
101286 25528
228892 229998
14676 3802
259196 264828
212965 213216
274084 267476
21431 34134
103795 101621
264438 254419
229017 22636
2394 59624
22243 25098
228152 23847
160145 155932
208033 227017
158002 156411
8916 14538
149940 147069
4411 97568
218817 223812
101931 104388
212965 15316
270839 269755
144785 149423
36869 21785
259612 260493
253638 260701
2670 14010
23970 122697
145400 152451
99266 6305
225242 228152
229076 2394
2209 7752
147496 156021
108683 223041
263295 254411
123416 36869
108683 220843
14642 226515
148910 148429
23411 223583
97568 5993
416832 430323
223496 99041
107385 99878
3964 15581
22009 221284
108683 99857
4226 9620
152546 162343
221958 209773
268454 260104
