37396 108683
31785 119310
110627 99028
14538 426593
121089 27311
232223 232635
162128 154374
253638 255074
5146 106030
16386 213446
27223 32043
258690 254419
156841 158931
22636 114522
254419 263489
11179 16165
102354 110627
222587 109145
211584 103401
215736 2316
119310 38138
10991 3294
15004 7394
97738 210253
36869 104189
101286 31043
259085 64237
32976 106700
163361 147154
110627 7784
51185 415219
228993 119310
141246 148942
97441 223789
108683 111304
22727 224939
101286 118911
210564 223583
427103 415136
108539 223583
27219 120880
221284 29823
30047 25098
100774 15362
231310 217089
223789 222056
23136 119310
21221 36869
106319 221797
253638 261656
403958 405534
358053 358106
32976 122323
97568 228627
63195 51185
221284 4806
100546 103642
121089 27456
221284 29938
330328 329553
227089 102047
15004 98007
221080 22636
224511 27672
259301 274084
9421 110627
38058 4984
257798 254419
65961 14642
222349 25098
414211 418337
221528 217334
30523 22636
58429 417437
415462 2375
64237 415293
23946 99918
108977 221026
125099 228152
220909 36869
31943 101286
221026 213165
63656 54639
211301 221284
36405 38058
254419 271791
101931 111696
221284 228215
32976 12237
258903 256552
32976 10293
4674 10978
221026 109598
221888 102269
254411 258833
144785 156540
15004 100600
147496 160009
218817 26649
38058 26901
2375 56600
138079 156579
210025 5146
29292 27223
231131 99878
102047 14301
158000 144785
28975 99918
223583 220509
108683 225513
100774 214729
207303 209368
221958 10705
5146 215299
97531 223789
133679 282523
109590 217089
33080 23641
7404 22636
223436 119310
110567 8660
32976 222930
219363 210253
24295 217089
260229 258903
213843 99918
107812 212965
256832 256531
98661 108683
119310 107159
36869 33536
8660 60838
210253 224752
106569 32976
34134 28761
9620 98436
223789 218383
2375 212248
219125 108683
148877 160140
217089 108446
119310 32697
223583 104908
144785 154544
22636 9710
221284 12082
10978 9934
429507 259644
109348 221284
110627 30719
269797 64937
228152 21958
413944 259196
148942 151871
25098 35786
33664 36869
97568 108011
15004 110459
33887 22636
22636 101366
225986 23970
98303 218817
15004 51288
32976 121858
429507 60140
12608 102047
101931 229988
427863 8660
423122 413326
221528 218179
225461 22636
211603 103642
221284 6958
210612 7752
423199 429084
26774 221284
253565 262976
116956 34134
108683 220117
221797 110801
220289 6305
38058 121642
209370 221284
221528 209898
29204 38058
218534 2375
230969 25098
223496 35309
38020 102269
223496 217662
24033 125250
217089 60240
404306 403804
11663 5674
213446 107171
223230 30373
227574 221284
36869 103235
160145 164840
8660 3947
97568 30836
15834 97568
31278 108683
32411 121089
123068 101931
417551 16165
218817 121442
121804 119310
427103 429400
224511 124843
102047 222200
227643 221026
108683 223781
27453 221284
38117 119310
98133 224511
14676 415766
54639 60587
144785 154208
223789 217839
156013 148910
253638 263896
104678 210253
102393 36869
215966 101931
15004 414578
34134 15263
207303 214684
2695 427103
99918 3753
223230 7152
103795 212364
100774 28037
60419 427521
230974 100774
210253 221417
114435 22636
14642 16651
11567 10978
252745 253638
35377 101931
218452 102269
123264 34062
212224 101931
223583 221866
37107 99878
150791 148467
24718 224939
121731 228152
29889 119310
14282 14676
148444 148942
22636 218795
60178 5146
269755 270881
211979 97568
125250 125198
414559 429809
210276 38058
30703 97568
107516 221026
120050 25098
9866 110627
22636 119413
145952 140558
102269 220316
99401 5146
221528 110925
25514 221026
34134 21612
231311 38058
266929 413876
212965 220688
103620 213446
119838 224511
5146 10354
122547 223230
100774 121854
217089 26197
22636 119429
26197 224511
230662 217089
15004 59803
228152 220912
123631 223789
62254 2621
32976 22664
212965 15050
221284 225626
224511 103871
3076 101931
223583 28828
229788 101286
155311 144785
2375 11628
111034 215736
106905 119310
214883 108683
12089 7752
223230 214135
156364 147496
230554 102269
25413 121089
97568 23200
145557 147496
99918 211955
26827 218817
224511 108388
2364 427521
217089 26725
224267 119310
124978 114931
15004 60686
106680 25098
99614 221797
102605 3964
122761 102047
122817 220060
107662 25098
101642 14676
119310 22884
2915 102405
160145 147294
218224 9620
147496 161409
215736 102332
133027 32976
100373 119310
158002 155230
99742 32976
261352 253638
119310 36014
223496 37132
219914 119310
14055 10978
22789 217089
20827 32976
161693 148451
110422 107367
262903 253565
118688 32976
417437 56856
106464 119310
99918 24333
208215 36869
429410 429507
33334 109145
119310 104707
228398 14676
36869 108295
427556 15004
145859 148877
221026 100546
139361 148877
223789 25290
223496 98480
148942 159784
429084 273263
430323 425370
259133 254419
253565 262926
259470 262828
264871 253638
108514 223789
28783 226580
224511 121931
30811 36869
35842 22636
223583 120818
9485 99480
110627 109544
356075 48549
10658 215736
28746 223789
11389 13869
98040 2375
163853 148502
429507 2911
223583 109686
221026 118646
207303 230125
102269 8617
110627 97829
101800 221284
406983 403804
267732 256962
4200 108683
219926 221284
22636 216447
143958 147496
218817 22248
9758 212965
119310 109681
60706 217089
417437 52080
38174 121089
221284 10031
257931 270181
415449 2550
97823 22636
64290 64237
256531 257270
125081 223583
223583 219243
107587 25098
257409 256531
36869 107971
150018 148451
26769 217089
16165 212586
10229 14676
220978 101286
38058 16165
160145 148046
221528 216189
25098 222825
228152 99813
217089 229652
105685 228152
25098 109244
221101 25098
106630 221026
212965 5502
215865 103642
215736 5973
15280 108683
36869 108044
32976 12277
205613 99918
105966 119310
163753 150791
149167 160145
158002 163967
28675 34134
105017 32976
103284 119310
102710 10978
7752 29992
229752 207303
413326 422440
122693 100774
25098 220689
215831 221026
150390 160145
110627 108021
100194 210253
99480 12357
13778 417437
20026 32545
218068 16165
228152 124730
108683 7172
122086 143668
221026 16878
97568 219272
15004 99196
121277 24588
120485 125772
99761 16165
99513 108683
267377 52178
29803 25098
223583 98404
219954 221026
221284 35693
210728 103642
110627 35173
107783 224511
147154 154547
108683 119040
48549 356289
6393 108683
81901 84727
103943 215736
267732 262944
137779 148451
150791 158620
2365 427521
260493 254172
99164 25098
120798 119310
103642 214815
256655 268454
429809 416220
16812 14676
221797 125076
159245 160145
228152 98172
100751 27223
31056 101931
8352 99878
108683 231562
148451 150676
270746 261742
217089 14969
210253 227552
32976 103964
38058 26818
228180 108683
226507 14676
288896 288849
132980 34134
28177 32976
100293 14538
413326 422057
224579 38058
221284 213127
11786 99918
257931 261545
109683 30202
39243 25098
270040 260493
429507 52705
25098 111515
22636 14337
110627 97624
215441 102269
38362 38058
104293 218817
105199 7752
37271 109683
6378 110627
228152 125076
85226 83171
38058 5352
217479 16165
16407 14676
149316 158931
24803 217089
274084 58946
213446 107167
97987 22636
5823 11663
221819 22636
97568 219279
157457 148942
227329 101931
110861 6305
158931 156069
148451 139327
102727 34134
267732 269819
210253 108569
32976 104537
428252 15004
216111 108683
227534 15004
32976 24367
58395 3852
221284 100576
25098 102704
100361 228152
417173 2675
99535 14676
405534 403389
212613 223230
102465 3964
221301 36869
122115 99878
25235 36507
254419 254633
15004 99223
102732 15004
268570 253565
30172 22636
101931 6173
120707 36869
121508 101931
125250 26960
109145 103612
222903 212965
169261 165977
32545 27659
273854 260493
35347 101286
99878 211804
97568 109547
251145 268454
218817 27868
218817 35222
108683 6539
145400 155368
224511 102129
60760 2915
414676 413326
109010 34134
257990 256531
61382 101931
416566 413326
28683 223789
32976 122283
227518 3797
420313 425260
224559 25098
38058 110226
108683 216783
27951 31669
102269 105198
24588 124011
228436 108683
36869 30328
223789 106819
228040 99918
228464 103642
224511 25763
101274 16165
2675 417342
106663 221284
109683 31664
212517 101286
3360 14676
121659 125250
429084 268413
220503 22636
106684 223789
32976 104244
100406 16165
111360 8660
13586 60674
211459 221284
27663 119310
228709 99918
213446 103790
104227 223583
44614 358966
102269 33969
144019 162343
263340 253565
114896 102269
57390 2675
62262 212965
103168 25098
109683 226603
38058 219253
39355 110338
25098 34339
25098 220525
2375 59273
10174 218201
5146 34901
108683 38386
99480 8210
223789 216178
2675 211890
104039 28783
15004 212039
119368 33080
223496 230477
15004 99832
427103 65449
6311 10978
32538 108683
430323 249950
217690 5146
111365 108683
223789 35718
223789 220861
221026 213979
221284 109659
5146 98267
217089 220559
207980 223583
97568 11772
102269 12813
104858 36869
224511 97639
221397 119310
157309 147496
22636 29462
224511 111563
109145 103967
101530 25098
155430 159693
225005 108683
210838 14642
403593 405534
228152 229335
22636 32525
97568 25164
121148 108683
22636 226166
13669 25098
101931 34044
218041 22636
5320 22636
221958 7661
5146 11685
427521 59172
107453 3964
107461 5146
26169 103401
100820 221797
398259 349904
13586 104486
15004 100689
212576 101286
10978 13926
160704 147496
97460 32545
100600 3964
9620 212120
36849 221284
253638 272856
147496 159098
15004 111715
157411 149940
217089 216930
223583 105920
110627 20316
105923 25098
24460 223789
63832 51185
157181 148942
145061 147496
216759 221026
224543 210253
260841 266929
51232 427103
36804 125250
120318 125772
108683 37393
107431 3964
9601 4157
25098 110877
64237 66030
221528 35491
10978 102207
212443 221284
429809 413020
32976 110351
216270 38058
144785 161936
120049 22636
221528 28586
27768 223789
109683 221947
111789 9620
108683 224544
32551 102269
229786 103795
21531 22636
124971 31023
38058 218460
10428 217089
108683 119231
148877 153233
207303 230148
103795 29209
228855 102269
108683 214489
97634 25098
22636 214614
429084 273430
99672 36869
3797 218212
105939 213446
3837 11663
212965 101749
147496 152793
97568 57117
413326 415057
145200 148877
423907 270746
103401 29903
145314 160145
10978 5188
147173 159693
98870 2375
209453 212965
25098 29519
118472 125772
8115 101931
415449 63268
229397 221026
101286 220751
420403 429084
125168 38058
108683 38451
154272 160145
264655 430323
51185 54515
424821 424006
37185 25098
221026 7473
125250 35578
25098 34325
111441 99918
30335 25098
32976 108744
269369 257931
25415 223583
105532 25098
259107 256531
159414 147496
98600 36869
212965 227280
34080 119310
22636 221897
25098 108605
119310 34346
16165 231265
2375 430301
217089 225761
217089 5458
58678 51185
5148 101286
126266 137405
124705 223230
25000 223230
253565 263509
5146 417050
260493 259183
220060 22280
14676 417743
30691 36869
119310 21886
3167 14676
51478 415377
282445 133679
26935 223583
22636 6817
10978 25944
217278 14642
102269 30810
207303 214731
109145 225345
152227 158931
150791 163854
218817 225911
24588 39268
148877 159203
264557 268454
123243 22636
124820 224939
148942 146321
34134 106980
108683 218603
14068 213446
221284 218472
342313 344378
148615 159693
224466 101931
100916 110627
209276 100774
217089 57026
99918 209751
229734 221284
119841 102269
103642 228134
221284 212883
224511 219209
259535 254411
36548 218817
210346 101931
420313 423459
9372 38058
105404 101931
105986 2915
262018 269755
210253 100753
255342 253565
224511 108327
97944 15004
421535 426475
366722 367818
8935 110627
223805 217089
14676 98479
217089 30938
22521 228152
103401 214133
211774 213446
14712 11663
154235 152876
5702 22636
102269 35541
224939 26754
211223 119310
4264 210253
5146 107668
254959 256531
114785 120880
260493 274012
140220 148942
25098 99682
25098 221928
60061 427521
222358 101286
229154 99480
120957 119310
23970 220001
220709 97568
12273 10174
220212 101286
4468 10174
221284 224837
105297 228152
16879 11663
37047 218817
155447 138079
213446 8462
207303 214977
103067 221284
253638 254199
36869 123941
2370 212965
125250 38027
427521 11476
35984 119310
285632 287439
28770 218817
217089 209787
224902 22636
108371 119310
47657 48164
15732 429507
28069 101931
110627 101537
125250 119367
102269 223173
230309 224511
262529 256531
15004 229534
63195 14642
51478 64031
34134 119096
103401 214053
157341 162128
36869 217471
108683 8868
108683 121659
428551 415077
64644 429507
217435 108683
221284 7266
6922 221797
8660 229113
38058 125116
111511 34134
102269 97387
144160 162343
100300 27223
213446 210624
119310 39673
31669 99010
258595 254419
29732 36869
210253 99029
100456 228152
25098 32702
22636 216448
124971 32041
221528 30681
255060 257931
56288 64237
125772 120304
220219 223583
223789 103873
159903 148877
32660 25098
34134 115376
144785 160627
429507 427321
228152 214821
119310 37231
14642 99628
164481 160145
214007 14676
25098 7861
104423 223583
215546 223583
102269 6156
34977 119310
258768 256531
217089 224595
23689 220060
109683 36981
5146 102317
350662 350014
217089 220497
427103 206575
419584 421535
111398 221958
36869 110860
415148 427521
263344 270991
427592 429507
23917 101286
148942 161104
11750 5146
110338 16455
209979 221284
227975 224511
4487 221284
413326 414427
31121 22636
223070 36869
114096 224511
228100 25098
269797 263200
