8660 415285
110627 106085
212561 223583
429507 61446
36869 36565
12288 221026
25098 5508
213446 219929
4680 427103
415077 262725
141425 147282
207303 27139
254008 429507
125250 31670
341712 343208
125250 231620
33472 125772
36678 224511
25098 115461
16708 221026
97568 14573
140207 148877
36869 15588
37401 224511
105094 8660
114931 28309
222556 8660
283301 133679
15243 429507
125772 27937
5146 114509
207303 213484
228152 119990
429108 260493
32976 224580
134162 125772
33213 125772
22636 34990
6171 223583
427431 110627
115893 33404
428101 263642
13977 221026
429543 274084
212965 11114
110627 60709
207303 24325
427521 53159
206100 5146
213344 10978
22636 414229
417612 215736
90727 88668
55495 3294
429809 273269
36834 5146
119310 12044
213299 36869
217089 417227
5146 119447
427247 256531
218817 100666
98375 125250
101239 125772
25098 135084
114931 33350
99422 11389
221026 58668
207303 66043
122513 32976
117806 149940
427103 412100
270516 51185
221919 208033
5146 28411
125250 125421
16165 430246
217089 58161
268454 51512
271785 253638
217089 38584
262828 429176
111236 210253
255315 264787
6120 223583
264342 430323
34134 222706
125250 108650
211812 22636
36596 221284
420313 429383
11080 36869
231687 8660
114968 223583
219008 8660
35994 125250
119310 215451
3964 26668
8036 25098
254411 420143
429299 10978
213446 32076
25098 16105
426432 268454
148347 136276
102269 120791
51783 256531
25246 417437
228566 51185
125250 215341
221528 114047
36869 59589
22636 14286
223011 51185
13983 64237
57963 427521
5146 124835
27016 217089
4955 429507
56637 210253
217346 14676
207303 212893
262693 420896
34427 34669
10978 227230
132548 32976
60431 51478
8660 35117
421556 256531
38058 57739
35215 5146
110627 4255
259392 64237
212787 429507
429507 54664
101286 766
3427 32976
71717 71507
269722 255315
256781 271313
8660 26521
413326 268945
221284 226626
270739 415077
427103 227591
2394 54989
106704 125250
38058 64056
125846 221026
149013 144785
228152 4815
6763 429507
415848 430323
101286 34562
9999 25098
16165 57310
26703 207303
425737 430323
30246 207303
14336 429507
22636 14537
8660 223153
228152 2498
114160 5146
105037 125250
223583 8546
413326 429429
125250 7953
25257 427103
271514 430323
148877 404651
429507 264871
125772 161800
110627 3178
32976 11241
144785 406897
125250 12062
256531 51830
57053 14676
2915 215350
421468 254419
206275 221284
22636 417516
30134 121089
150791 138981
255315 263601
136045 147496
224511 218357
148942 144904
425418 254419
221284 59398
208899 228152
33821 10978
97720 119310
48164 46740
38058 2888
257176 430323
214628 36869
114854 110627
230665 125250
221026 228639
429507 55839
10978 228858
261475 256531
114749 36869
349329 228152
34041 114931
125250 108261
207866 206194
228152 2343
57053 8660
125772 105795
111769 221026
107395 427103
144785 406945
268810 274084
270746 424185
2375 28513
223583 115700
257870 253565
25098 15319
14676 61844
134565 123148
215444 14676
115893 224550
152786 162303
64237 253143
10978 108600
10978 103632
253565 255282
125250 228317
160145 135747
218817 119986
136276 134106
109048 16165
22636 2540
22636 110014
117810 110627
144785 137432
210963 221284
224178 5146
34134 229360
25098 211058
211424 36869
224511 229079
207599 228152
223583 9397
90248 88668
119078 207866
147496 402993
10978 230478
134257 125772
214884 55628
228152 30224
62548 110627
253565 264618
71507 280723
253565 429657
217089 205857
429507 215783
427127 101931
209439 228152
4290 223583
256531 422611
163853 144806
234433 236086
116542 30884
22636 64931
5146 52586
212965 118697
136276 136120
116542 111195
344195 344564
254419 421385
218817 216572
224511 6588
34134 222134
32545 13119
125250 116867
110627 124938
210730 25098
415449 419514
218686 427103
224627 125772
217089 97462
230676 217089
138079 403064
106110 427103
432277 433557
221026 38339
5146 124839
255315 270457
427521 227831
125772 36737
51478 60754
9601 123570
54283 10978
155611 143668
125772 141204
212935 429507
10822 36869
430323 268784
224511 15457
429507 101067
413922 256531
208033 24818
139713 148942
228152 31902
58611 101286
207303 35194
3964 32497
228152 39575
218817 125234
14676 106303
98921 8660
429507 110204
224511 63996
423592 254411
223402 32976
264132 254419
269748 253565
233051 357634
252892 255315
36596 22636
124006 221958
119310 115690
221528 207036
28713 3964
231419 36869
228152 107432
12765 36869
114333 36869
160145 157713
261446 420313
334696 87291
25098 60060
134305 36869
110627 229048
160145 164780
148451 116817
2394 52879
264257 254325
222146 417437
228152 98814
125772 102624
9601 427278
217914 32976
26020 220060
57826 213446
133679 138605
58680 5146
36869 8558
217089 120317
416149 268454
229532 36869
34134 100187
144785 163858
270134 429507
429507 213814
284846 285632
222356 32976
51478 264074
427613 14676
253565 267692
119310 103796
123493 217089
429507 51285
213031 64237
8640 207303
222594 54639
115980 25098
120661 223583
10978 25548
107926 207303
36869 209247
214029 223583
38058 124752
148877 137944
32852 5146
5146 28216
270746 422815
16165 427791
36869 16144
255209 253565
55105 8660
53364 256531
22636 65953
101286 221594
28862 212965
3964 52472
28451 8660
169108 90991
3723 25098
25877 228152
427103 266953
125250 216010
225938 110627
256531 414915
228152 348826
207303 5971
23199 5146
207303 225469
228152 121092
217312 427103
7978 228152
57950 51478
36869 2310
99878 417459
143288 148910
58693 64237
106739 14676
25098 226128
32976 218377
138899 150791
125772 33062
38516 224511
110627 216494
218499 119310
38058 120476
143668 158924
125250 34485
221284 37445
111635 215736
218674 51478
125250 100884
125772 36128
207303 108393
429507 412704
51478 273318
118682 116542
36869 206274
14676 62620
33404 224511
100040 125250
125250 115988
63309 14676
101931 66329
224511 57084
27223 15685
217089 427722
223583 218999
11114 427103
62254 216558
125772 33886
210126 108683
207303 8378
366408 373003
143310 150791
16165 103547
429507 230939
25098 11910
12267 125250
16143 32976
13635 223789
125250 111232
103286 207303
206705 125250
62942 64237
429507 14978
159693 163143
413326 423460
148942 158632
224511 207653
60348 110627
125772 21636
110182 427103
122830 213446
259702 430323
144785 142839
228152 211342
336695 86665
218817 109021
415977 64237
51478 66128
224005 34134
52540 2375
207137 221026
406794 147496
223789 33130
427103 6559
110338 229613
104857 34134
103497 5146
8660 56922
430323 258083
121308 36869
25098 6964
417437 12391
429507 16110
217089 230856
210359 25098
31039 228152
5859 32976
117214 22636
25098 231730
3964 229656
226509 221797
221284 37652
114931 102674
39224 213446
230102 32976
109506 207303
32976 15866
103744 3964
224949 125250
147496 162209
36869 65547
14676 107933
119660 5146
25098 75288
5146 219287
355245 232635
133679 136432
110627 222533
22870 207303
268613 51478
219372 3964
225357 110627
214068 36869
117709 125772
429507 98417
31745 224511
120397 228152
16183 221284
38669 217089
256531 60167
221284 114831
114931 29739
225442 207303
429507 102828
217149 427103
429507 64578
254419 428599
8660 423531
228152 110046
209899 25098
125250 31718
217766 2375
257081 430323
123228 217089
51478 60467
209873 108683
30143 134565
33623 5146
269814 430323
31655 16165
8660 34456
5565 51478
415077 424630
212553 224511
105652 429507
254385 429084
64237 414647
110627 227628
110627 227306
155030 136276
418823 429507
12115 221958
22508 110627
344195 344550
258737 253565
111676 25098
330936 332519
24783 2375
2915 14499
207866 104503
51185 100338
222450 10978
3964 36857
225618 207303
38016 134565
419979 51478
417865 14676
213446 205827
207303 109771
11389 218781
22636 56822
148451 113605
262368 256781
218658 110627
123205 125772
256531 260252
415449 9106
226419 32976
256531 273016
121446 217089
132682 119310
225621 16165
427103 99294
34669 34071
125772 124680
418538 415077
150578 163853
215265 417437
144785 148365
97568 125005
110284 213446
269020 430323
415077 268967
125250 14951
116423 147496
207303 21908
218817 207721
9601 231942
23693 134565
7994 228152
5146 38695
421341 268454
116425 125772
54974 429507
224511 121300
133679 280995
125250 32077
114931 101129
397880 350659
55105 102269
268387 253565
101931 59943
223583 37249
10989 97568
216991 25098
57852 256531
36201 207303
228152 2482
268322 421535
106126 208163
220380 119310
3964 57962
36562 125250
218817 107389
114931 29113
8829 36869
163853 117593
144785 403137
360815 361020
219334 2375
207303 102266
256531 55213
134456 125772
136760 119310
103095 2675
120669 110627
132956 22636
221284 37630
144785 148280
32545 221186
33977 223789
219988 217089
427521 10700
228152 28943
135655 136276
160145 141042
207111 224511
254419 259701
403804 113915
2375 99216
403804 406177
25203 134565
430323 255184
107218 125250
253022 427103
2770 110627
217340 125250
56413 97568
111325 223789
54639 413923
21861 125250
51185 215022
150791 403103
407921 150791
66120 10978
12197 213446
16165 417752
429507 62528
122017 102047
110738 36869
125772 29525
160145 138953
228152 211338
114931 24039
58996 427521
16457 51185
54892 8660
228152 5831
223583 38216
33024 223583
258146 430323
221284 206106
268544 415077
5146 64262
218564 119310
207303 225559
224511 30729
163853 145532
209597 22636
124902 2375
36869 9638
5146 55344
10978 103973
22636 14505
10978 221639
24200 5146
267377 417817
102269 39558
65490 102269
22636 427831
3294 222663
223243 8660
217089 57270
102269 134169
38058 11449
64237 13314
29107 36869
102264 221528
256531 271512
3964 209782
10978 60378
114897 25098
39628 125250
52336 421535
110627 25381
110914 223583
22636 209252
224872 5146
102703 427521
225820 32976
120880 229521
228152 11908
256531 262825
80 213446
51478 270522
32976 227197
207917 221284
44614 46184
221284 2657
108720 417437
415662 22636
227590 429507
32976 115071
256531 260117
224737 16165
119310 98053
51478 57388
125250 30221
134141 114931
16165 123405
111371 223789
5146 114502
159693 148834
221284 35787
228152 115521
107680 125250
2915 109629
207303 224551
51478 66041
61120 102269
106611 125772
150791 117596
11451 22636
5146 27120
223583 3528
147496 117757
4088 223789
10978 100176
14710 64237
139635 147496
14665 427103
208113 22636
224511 116686
98401 228152
64237 59527
7624 207303
36869 58751
14791 221284
125772 30519
330378 331591
4427 125250
421535 261121
110338 120566
7768 427103
125451 223789
20316 36869
51185 97927
125713 25098
8660 31747
416283 51185
144969 158002
5987 25098
125772 26689
22636 211189
134565 39558
254419 426538
51185 257122
417725 212965
349213 347768
101931 226964
211375 25098
222243 125250
5616 221284
4803 51478
218835 224511
207303 219899
38058 209652
125772 134975
13721 221284
108432 114931
125250 108229
429507 217865
132 427103
108499 8660
161791 160145
207303 231453
138859 159693
20232 224511
429507 14293
413326 261913
5146 12837
36869 3969
55939 427521
150791 138190
38058 15978
170923 169261
429507 430348
22636 134820
120483 119310
429507 51176
119310 217408
209055 223230
5146 123473
52479 421535
58395 2931
207866 222281
116649 32976
139270 141272
108683 8380
160145 160745
223009 125250
206823 25098
8013 22636
32976 115981
427103 11621
31440 210253
4957 32976
432277 409462
10964 221026
6336 223789
102647 125772
109074 125772
226475 223789
140690 148877
107457 417437
146156 148942
25098 219772
148877 143732
52267 10978
104035 54639
14676 231198
213446 32977
215433 427103
125168 217089
10978 12912
223583 227760
10978 100105
125250 32868
253565 271296
34978 5146
109986 36869
5146 38310
432277 349433
3964 52602
51478 4595
427108 54639
170951 169261
218817 31432
270746 412594
10978 98621
210253 125171
269797 56811
264723 256781
29092 224511
430323 263716
143456 144785
163564 160145
266929 62085
109175 429507
223583 56826
163847 134565
117065 22636
114123 218817
148942 139562
25098 14106
64018 223496
102269 115750
119310 7015
62874 221026
207303 110844
215736 119294
120149 223496
232145 48467
217240 36869
218595 427521
221284 15991
430323 260788
16165 122776
22636 20273
36869 13770
223583 231820
272162 254419
221026 5327
99918 65970
32976 209976
158229 147496
263106 430323
26377 134565
60447 429507
429507 228666
211788 22636
4490 51478
215674 207303
119310 217183
110895 14676
32976 228380
33578 125250
14538 217652
66003 38058
228152 216096
34155 36869
264114 254419
15814 228152
125772 125324
117746 163853
110627 121452
29277 212965
108811 5146
62578 221284
110312 36869
125772 225228
256531 262771
114931 104018
101286 57350
209149 32976
224511 14567
110627 215867
331591 328693
5868 207303
26888 5146
125250 105616
110875 228152
2674 64237
418453 102269
105829 207303
256531 270251
218817 230450
134219 125250
15465 429507
230005 51185
2116 25098
117986 147496
36869 8248
228152 210979
14676 58896
36595 22636
25098 213720
119310 39743
109145 61359
7019 51185
39013 10978
32976 4840
224511 115594
218817 124002
8817 429507
227538 36869
36869 207388
212965 416732
220419 207303
32976 1969
101179 125772
8660 111573
104178 2375
334132 87291
207303 24234
5146 418062
211177 38688
3294 55425
105976 8660
5869 110627
215023 119310
97565 25098
35787 223583
25595 3964
262152 255315
255315 254233
430142 270746
232145 232272
228152 101974
5146 122934
4203 119310
16165 30467
110627 209649
224511 2665
