146904 136276
403804 166144
342313 404222
218170 20805
51478 104138
5146 255385
273211 38058
125250 226221
413594 265638
433851 410288
55793 25098
104784 256531
8045 125250
148798 136276
255892 274084
116431 101286
421364 31669
430323 253442
32689 148942
421535 3057
254419 58563
8166 125772
5146 420949
256531 9678
36869 65129
167444 156429
10978 132509
125772 50665
265638 62429
51478 115377
424314 424821
230250 343208
329842 288849
103306 415077
347768 66706
5146 1319
140739 366722
217089 136715
331591 261597
145926 125250
111392 1033
16165 422211
52425 25098
125772 228135
231436 113965
253144 217089
215957 430323
144785 138262
265638 63673
114931 62040
57887 114931
223583 34720
224511 267550
125772 221125
32976 206795
101116 266929
147154 122339
124163 210253
162128 132893
224511 1301
86737 136276
147496 133315
36869 155189
215282 268454
407993 167579
61390 254419
217089 268857
343390 342313
224389 134565
423403 228152
59685 254419
419969 25098
366722 150227
132487 217089
366722 148547
331591 413704
51185 132954
23590 256531
232635 355423
223583 256943
169261 159096
420292 32976
158931 370304
206712 427103
268454 60229
109361 266929
147496 114910
343335 405534
110627 426911
10978 329775
407205 148942
125250 417720
146786 366722
230880 125250
142337 228152
116234 5146
744 430323
125250 54532
289090 331591
421535 4974
107499 254419
124126 110627
116288 223496
37583 163853
228868 254419
125250 51332
415077 11311
404752 32976
53152 430323
5067 274084
125772 232040
134565 206994
7771 125772
58137 228152
55098 114931
25098 136736
429507 29619
253565 415648
223583 122194
282177 133679
259267 221026
216095 125772
5146 420044
262253 331591
217597 254419
166701 405534
23738 143668
224511 59174
430323 418619
428523 331591
11632 125772
403804 169918
255315 61674
223583 143663
51185 21797
414497 8660
63750 22636
220842 343208
255565 5146
224511 1904
32976 258147
36869 141088
256531 16263
366308 150791
132662 283326
56093 28783
148877 124865
265638 107030
62366 125250
255564 5146
253565 423646
110627 259329
254419 106372
25098 164430
164890 136276
212965 261028
59175 25098
22636 416580
256531 218363
22636 63531
62561 255315
16165 219606
217089 133580
232433 48549
34669 26626
266929 215224
11389 257451
10978 422100
114931 221976
32976 148320
415077 6436
221026 63784
51478 39383
284059 331591
143252 134565
10978 266919
51110 421535
260334 417437
62375 25098
215536 114931
223789 349160
12438 427775
360815 333319
22480 51478
257479 10978
210132 125250
116499 37710
136276 149536
51185 421035
125772 60629
126266 158820
211887 125772
36752 163853
52389 22636
331591 426287
428888 32976
421476 32976
101931 421739
343208 343583
11143 125772
169261 140198
10978 125765
55628 26689
343208 407671
228152 118005
125772 3049
3300 207866
366408 146506
255315 52078
27287 266929
34677 16165
421535 424800
121267 136276
343208 75271
254419 9268
342313 340757
419804 101286
107323 254419
256717 217089
256531 101414
115233 5146
256531 229992
71507 235321
11306 224511
125250 210284
223583 347779
31643 51185
25098 144058
145838 125250
22636 417916
223583 418040
26697 147496
169261 157608
58995 255315
51732 264257
51478 256147
289083 330993
147496 169267
167444 154256
136276 141235
15140 20805
216123 430323
109554 114931
125772 62873
110627 118392
32976 117537
415077 110266
265638 30104
403172 147496
265638 210282
152545 136276
15581 270746
8382 264257
5146 429768
124912 417437
53460 25098
329553 1163
428742 221026
224511 269808
418683 270746
5146 229958
134565 98771
125772 227951
418417 208033
230898 256781
262828 98299
27139 256531
254419 58590
125772 145258
151922 169261
134565 223575
119372 148451
51161 25098
143501 224511
126108 221026
147496 122755
169261 154227
146016 25098
430323 217778
166087 405534
9404 254419
160940 32976
125772 223070
267025 110627
51185 124787
150791 117504
3727 270746
258365 331591
36869 12869
410305 20185
140124 133679
36869 413698
270746 106151
410305 431705
415936 36869
6305 430398
281097 148877
125772 216503
134565 143932
36869 65838
343642 223789
428945 5146
167660 147496
331591 419874
125250 212774
281563 133679
259240 36869
160646 125772
265638 109070
418035 22636
414834 25098
143665 101931
114931 139692
361305 87291
405534 343749
64549 22636
265638 30329
36869 259518
147496 125421
372637 160145
219114 256531
343208 208131
115893 143830
36869 208350
217151 20805
32976 411939
137711 223583
211425 125772
218635 430323
52383 228152
125772 8740
32976 133067
285632 330714
125772 219654
32976 146280
225768 256531
427779 223230
415077 36292
422951 51185
110627 229318
10118 64237
366408 157670
133679 134531
140268 32976
148942 122359
224511 417762
255315 414929
147496 366345
270746 4691
125250 61032
71507 410726
333349 360815
147732 366408
406961 143668
423624 253565
210104 265638
150844 169261
221026 61969
169261 152659
147496 26626
256531 103314
412787 253565
114421 25098
160719 114931
25098 208827
169261 405281
254419 52935
12803 265638
120069 417437
254419 15675
329278 331591
169261 150105
265638 100894
36869 259355
223583 61429
217089 257453
430323 2529
25098 137985
137529 224511
22419 343208
231533 32976
133407 150791
137347 113965
163853 21446
208845 213446
331591 421904
101047 134565
36869 122502
51478 217595
132662 34472
117317 228152
256531 211835
258209 6528
20805 2575
100657 254419
357105 232635
101931 52257
262861 417437
116158 144785
428233 331591
427861 254419
167444 144178
51185 106282
221026 57159
6646 125772
13177 125772
54573 36869
135473 221528
124754 427103
36869 419127
20103 136276
137722 36869
32976 421512
125772 149151
264257 51125
329553 284203
223583 258981
268454 21558
64237 111294
224511 53573
51185 263683
221383 125772
66402 125250
269736 110627
51185 426585
110627 63302
125772 212756
105621 51478
265638 3234
264257 428152
343660 25098
25098 160993
367488 150791
412869 331591
221798 125772
100358 125772
415077 36472
152070 167579
150791 139977
403055 125772
222979 125772
261056 331591
221958 266626
222170 265638
13007 132662
257157 217089
213446 258020
268454 108268
416003 125250
24171 51185
148877 120226
213446 423013
285326 397880
268454 100765
413866 213446
414740 25098
135383 213446
254419 51117
125772 153552
253565 52173
113965 27460
52103 254419
20096 417437
28626 147496
341904 342313
429690 429507
254419 216824
12288 51478
421535 6411
166977 159693
255502 213446
114931 13616
10978 267282
1053 427103
10978 258027
134565 209961
20587 136276
211126 254419
225875 254419
253565 54386
144785 169861
117814 210253
66294 223583
207430 125250
259048 16165
209959 266929
429507 109684
341185 342313
118005 36869
228152 113789
417914 268454
152269 136276
330873 110627
144061 366722
115052 221528
147865 133679
224621 417841
221026 65374
117035 210253
5225 253565
270746 231866
70682 344195
32976 422432
427103 255460
227241 126266
20381 221026
134427 5146
25098 132284
343299 224511
25098 137964
39473 147496
222882 421535
171770 405534
347768 402864
347347 224511
253565 16832
252463 221026
111556 34669
107149 415077
143668 121319
254419 414301
430323 6665
256531 226079
355272 232145
136276 39046
418846 223583
103396 64237
147559 167444
171159 403804
426042 223583
8997 125772
114931 3446
417437 263074
102289 51478
22636 51796
125250 161856
273560 101286
226546 5146
146654 134565
100774 426269
157377 366722
264257 424177
268760 38058
125772 225897
56968 256531
136276 163405
421332 331591
424821 331881
110627 426485
266929 225277
212141 125250
34669 10137
157410 163853
254419 331734
255315 60435
145557 125772
146972 36869
52836 33080
221026 146008
420154 97568
123239 158931
123784 110627
223496 418121
109847 429507
162858 405534
415702 254419
231284 32976
125772 161090
217451 125772
161692 125772
160145 126192
251755 16165
208541 5146
30018 429507
115581 217089
51185 260336
366756 159693
5146 132475
149940 136908
162127 25098
20498 32976
25098 61866
144066 134565
105859 256531
222596 125772
5146 126029
347807 32976
34669 103120
66400 36869
331592 288849
267564 97568
5146 256446
405534 145613
125772 215582
125250 58281
15334 430323
430323 11965
163239 144785
13860 125772
120513 427103
253565 3979
263445 212965
25098 151708
125250 56224
167444 157666
120397 427103
434993 48164
256531 27564
264257 411957
144819 136276
134773 10978
97568 145932
32976 136369
132247 132662
87291 335875
415077 102020
428993 51185
87291 233410
100692 114931
136276 120407
207129 51185
36869 56030
366408 152877
416821 212965
72892 236086
263508 110627
148942 406545
125014 5146
37504 429507
111661 266929
20805 100633
125250 143413
254419 412640
8709 256531
14694 114931
331591 1138
222047 429809
36869 124320
270746 217786
418423 217089
180602 175382
54014 430323
139572 133059
148942 32579
167864 160145
9266 125772
51185 115036
39325 125772
51478 37742
51478 421684
61244 430323
256531 97940
133313 101931
252464 2915
54639 423313
423682 51185
115107 158931
264257 417109
258903 212642
410305 432315
267002 36869
349118 25098
429254 32976
25098 113608
109910 147496
266848 32976
421715 424821
232145 281208
416509 25098
224511 113614
228152 343535
125250 211251
97568 413587
429154 101931
21929 113965
125772 154024
110819 429507
24654 113965
349586 285632
343272 342313
256531 13191
254419 5450
3061 262828
51478 99768
6449 268454
20805 21229
160145 170713
222788 265638
134565 143551
342069 405534
125772 100555
136276 145149
415431 253565
147496 115021
61147 223789
136276 136832
125772 216323
421480 101931
103364 125772
216545 428101
160145 366598
253565 3456
207866 54635
334491 335282
346252 169261
115202 207866
255357 10978
422066 217089
329005 408731
110944 270746
419992 51185
5146 263729
419201 429507
223583 423300
404292 342313
75249 10978
417437 260888
223583 271263
417712 208033
25098 147177
427103 12470
32976 258179
117347 223583
366722 159344
367091 160145
228152 255065
5146 135737
253565 429678
36869 57503
147496 27551
38058 149042
115267 109145
20805 224566
253565 416934
169261 151540
260884 100774
4257 208033
413840 36869
430323 59877
110627 113615
366560 87291
268454 103123
226540 256531
25098 75222
125250 205669
232635 72613
169523 405534
135917 223583
110627 258391
149240 169261
89457 405534
267007 54639
424821 416849
267753 36869
99878 258203
160145 135454
231104 256531
256531 228708
258209 11001
20420 162128
36869 52348
367477 155877
125772 231299
412620 255315
115021 136276
22836 54639
224511 137697
264812 97568
147496 166873
98203 114931
97568 137368
427103 231369
32545 116907
428218 10978
115893 220685
150791 171014
144785 132512
231989 253565
125772 2627
5146 120449
62626 224511
261031 221026
168932 405534
114369 160145
63924 110627
110627 428425
24666 265638
397880 349461
331591 287686
22636 52322
105936 415077
62043 228152
149940 366598
255315 57797
111007 270746
415706 5146
108745 64237
343208 220517
117748 32976
270746 209203
4608 430323
30103 429507
256531 107581
421732 10978
140411 133679
5146 117799
265638 57116
33852 64237
122689 143668
23192 64237
102050 256531
125250 417149
167962 150791
427103 24102
423021 424821
223270 125772
254419 104563
116976 221026
51478 22368
118814 343208
62179 114931
259034 223496
147496 134753
64237 108354
5146 422784
27108 136276
270746 60669
169261 152249
148877 366848
418158 125250
120019 51185
34311 147496
10094 125772
22636 54568
285632 289679
143668 121551
136276 33908
254652 255315
427725 32976
8595 430323
397880 285876
259196 15407
32976 226622
223789 256655
280706 136276
125772 145681
1702 36869
163862 36869
160145 165944
254419 55798
255787 256531
134565 210451
260523 3964
430323 419205
51478 31061
10484 125772
232635 357673
54628 207866
3178 430323
160145 136209
32976 269828
10978 208797
147496 25166
155785 136276
331591 289491
5146 259850
215804 256531
143518 228152
224511 117987
255315 51993
120343 5146
97568 133115
97568 270742
268454 415074
60792 262828
207866 37284
360815 369004
109600 163853
38058 421485
221026 117446
209514 51185
253565 414258
143668 124596
428636 36869
364180 148877
423941 253565
7111 265638
52248 430323
139572 35720
253565 210767
224511 258418
136276 147462
424191 110627
97568 422572
34639 110627
12622 125772
58478 265638
132662 164948
102169 125772
422155 110627
110627 51822
324904 339310
108686 256531
10202 430323
257628 97568
5818 253565
5146 134159
125250 213619
87291 132241
258932 110627
254419 15969
54178 415077
136749 147154
25182 343208
331591 270718
132662 20337
402667 344195
257512 36869
123318 136276
8151 116499
87291 367488
265638 212338
207866 32316
124127 110627
10752 125250
430323 209129
5146 273269
254419 3577
134267 148942
413820 101931
125772 9771
125772 104486
25098 51973
13309 125250
421598 253565
125772 155157
213446 263543
51185 38270
125250 60346
148877 120333
227133 125772
223789 427233
347482 25098
1407 221026
13685 254419
258068 110627
54639 28258
265638 3117
426790 329553
125250 51677
430323 52792
97568 268117
133222 147154
343036 342313
20984 25098
232348 232635
150791 125619
36869 138456
35764 265638
3600 20805
102596 254419
146073 97568
100663 125772
423232 221026
363949 148942
132662 36660
416817 415077
424821 332310
331591 254416
33080 422524
213851 415077
25785 256531
21023 38058
226322 221026
37317 158931
219977 343208
147496 125691
270746 413613
160145 117448
423424 256531
430323 110216
133679 161043
134565 106997
132662 21079
254419 57206
289083 425838
34048 147496
420045 255315
125772 10917
170470 160145
270686 5146
212965 117975
271362 9601
207866 101437
163853 30335
215635 262828
367477 152626
160145 115747
213446 116983
421535 255570
