139973 429163
13263 25098
133211 51478
25098 402861
342313 171353
223789 339697
415077 156261
143824 256531
138427 223583
51478 145957
432277 289488
32976 261934
366993 217089
403804 140033
150791 222702
5146 150366
403804 9370
87291 146208
87291 135190
213446 145237
150618 342313
25098 281409
140587 5146
147496 12442
36869 155033
360790 160145
71557 162128
424969 5146
229127 403804
342313 214416
120876 254419
403804 208735
141335 51478
154895 87291
146540 403804
431191 71507
37790 421535
403804 169975
254419 124808
254419 222517
223583 141350
223583 254128
430323 219772
264429 25098
158576 5146
342313 217635
138940 360815
264257 98189
166826 25098
109700 366408
223789 345374
333367 71507
424646 223583
265638 35081
410288 13868
342313 154922
160145 221351
228152 140399
154156 342313
328160 97568
123271 254419
366722 110788
133679 366389
146812 87291
88783 342313
97568 329019
342313 6559
228152 163058
66710 158257
328639 410305
366408 109189
21912 150791
432277 326994
227563 342313
228152 414808
122188 360815
133679 416667
342313 102068
421535 218351
405534 209519
330936 269358
403804 34482
344195 106893
233341 87291
226458 256531
138941 5146
123808 51478
5146 265227
66710 119456
410688 5146
415077 114931
32976 163448
253565 7775
56062 136276
427103 146032
366722 27884
5146 158852
150791 224982
237081 162343
102327 366408
162446 71507
403804 230313
150492 403804
21459 150791
332640 71507
136322 264257
140897 36869
162343 55133
36869 260116
155571 221026
405534 23117
264257 114844
102755 66710
228152 161010
224511 157520
256531 114551
417116 25098
28559 430323
62582 133679
217495 162343
150791 102467
36869 423705
225455 162128
403804 159675
224511 164946
218021 342313
339310 302375
287741 256531
66710 90501
113686 136276
51478 156744
11389 255205
426755 285632
234504 358264
285632 409723
285632 271231
431151 285632
635 285632
49041 366408
30904 132662
253565 107154
405534 147641
161445 342313
334574 136276
253565 106839
285632 254585
144517 212965
209999 430323
230043 160145
106091 342313
342313 152450
224511 151481
217089 345316
162343 415838
403804 30636
334724 232635
256531 1069
160145 407704
116639 360815
22845 133679
146842 87291
270746 218981
147496 99984
237388 432277
403804 3765
223583 139169
264257 99438
140580 25098
16165 409843
149571 221026
106618 147496
37469 147154
333707 133679
223789 410122
342313 3447
410288 122015
133085 228152
105104 160145
367477 36772
328765 432277
407515 169261
409333 36869
340603 51478
152972 5146
160145 21997
33618 403804
430323 221078
36869 328753
327727 3964
220398 366408
36869 405465
403635 38058
158810 25098
160145 31328
211868 342313
115328 403804
147911 224511
116472 405534
256531 137823
283447 5146
405534 106913
333191 150791
281684 36869
342313 120668
24420 430323
149940 214460
289083 429052
147501 342313
335282 157392
160145 223876
147496 104362
327848 223583
87291 237355
25098 157485
430323 26492
104610 253565
150791 108864
144187 228152
139380 405534
403804 3733
124858 256531
342313 30118
285632 413460
253565 227033
254419 1840
87291 158612
133679 57781
342313 213072
339310 323805
136276 329047
413095 350014
97938 405534
288831 253565
360815 405196
136276 4195
155695 36869
51478 331360
433466 285632
403804 109568
148812 415077
328182 264257
285632 429569
160145 88778
107846 133679
147496 106081
133679 209016
403804 39670
231170 430323
147499 5146
121150 167444
136276 5596
355376 87291
281846 32499
87291 140400
38633 256531
226818 405534
150791 70538
270920 5146
403395 25098
147496 32967
265638 287064
160145 231563
136276 108293
117709 167444
162724 223583
99480 404662
12619 159693
104498 160145
345773 147496
427103 281633
108877 366722
108962 167444
342313 152410
223583 260258
366722 33470
330690 36869
71507 154394
123048 253565
169569 150791
155204 403804
36869 344168
32976 272666
357866 87291
87291 124174
219360 403804
217606 366408
32976 410429
16165 340806
16392 253565
36869 424105
123517 342313
133679 23304
157643 71507
87291 138528
342313 219280
150170 25098
1314 256531
367373 169261
410872 35393
160145 38625
214632 430323
254419 223268
5146 155495
214273 150791
136276 237519
33339 254419
224059 342313
23226 147496
149858 405534
25098 330046
24182 254419
32976 157667
70658 405534
432277 12893
158996 224511
163151 87291
156307 360815
101969 147496
342313 98318
164996 223789
133679 87031
427103 329601
145257 5146
225395 403804
159078 110627
403804 207593
262864 36869
430323 220977
23472 150791
264257 408527
97568 141161
218840 147496
150791 169118
5146 148516
268454 125503
152867 87291
235231 133679
215041 147496
341167 169261
5540 147496
347163 417437
288459 264257
136276 29575
150791 428769
146462 169261
150602 405534
146901 265638
164168 5146
367545 114295
38662 403804
38058 148082
430499 150791
105510 342313
403804 214789
254419 114738
155078 20805
36869 270235
342313 216133
160145 31197
151735 415077
289083 257021
367483 136276
330491 256531
160130 360815
30340 403804
25098 254486
102859 410872
256531 328643
233382 150791
254419 223526
25098 345027
115315 430323
410872 56451
366408 22698
289758 259196
133679 99846
133679 98708
257152 36869
366408 32538
101073 150791
138437 87291
20475 133679
226943 403804
266710 285632
35332 133679
233926 48549
134947 410288
136391 71507
150791 406662
28272 342313
167444 170270
150791 415363
230893 342313
430323 29922
228152 256371
256531 114121
25098 346273
228152 262965
71507 1249
160145 22152
87291 116805
9879 342313
423392 25098
158127 5146
146684 330936
136276 214029
281846 34687
124250 133679
410288 216392
71507 153795
166669 136276
138353 223583
254419 110481
115518 87291
405534 220220
33047 254419
12877 136276
25745 289083
51478 135229
403804 74461
3964 149859
358754 232635
160145 36617
417437 137307
405534 152400
403804 7045
111492 132662
342313 102598
152096 87291
5146 402600
270746 116449
134728 285632
285632 254211
342313 169497
148544 342313
15467 404471
406270 133679
160145 106414
145218 360815
28974 150791
4232 150791
341953 162128
147510 87291
169261 373154
108375 366722
342313 224538
221026 145060
253565 218136
122420 147496
405534 221778
160145 123320
5146 343177
330874 253565
147496 916
47795 354888
167444 140197
331240 51478
136276 106725
57381 410872
101286 429024
147496 16638
157626 25098
150791 34734
13939 150791
105020 405534
152122 5146
154750 342313
110453 342313
366722 107475
135069 405534
342313 25394
119301 158002
117213 410288
110343 150791
10612 264257
124680 405534
405534 339837
366722 108128
6331 403804
20886 283574
336291 133679
167444 404211
150791 9155
32725 330936
261629 228152
153290 344195
344195 151436
169261 139254
366408 229974
342313 75142
281317 48549
48817 133679
425801 25098
38058 150798
236292 133679
341164 228152
206303 342313
162308 342313
48549 48073
36869 169837
115559 410872
224006 145400
25098 281115
160145 121865
366722 34461
160145 125177
103823 253565
406550 223583
27698 342313
150399 87291
147496 5207
5146 329352
51478 327565
254419 106129
143205 366722
288849 430318
370969 147496
285632 413986
421535 288438
145146 223789
341130 51478
405534 150589
160145 37690
403804 22549
150791 114449
409740 97568
160145 109459
403253 150791
410288 3190
253565 208860
150791 110672
148317 405534
289083 428356
25098 423671
9355 150791
25098 425535
342313 98021
66710 165862
160145 111073
224511 260623
5146 423872
253565 206473
25098 163355
25098 167551
110652 329553
162086 38058
36869 422828
15980 150791
264585 36869
143588 253565
149579 405534
5146 140287
6855 329553
223583 113482
166409 36869
115168 132662
114594 342313
160145 33092
36869 422823
253565 108859
403804 122579
254419 34515
157239 25098
134082 160145
156463 36869
5146 160663
221680 148910
136769 427103
270746 340040
405534 143205
405305 160145
253565 118575
264257 231746
403804 120345
342313 231539
253565 287614
51478 332611
28708 403804
71507 356620
160145 121928
103853 147496
107487 147496
228152 413281
38317 366408
253565 287827
87291 151297
254419 33398
416627 254419
560 223789
341787 3964
36869 419306
4196 133679
150791 228853
167444 117496
420804 228152
136276 55893
5146 283397
209348 430323
342313 35271
33245 147496
147496 23026
25098 162793
139327 5146
253565 207026
30087 254419
99473 342313
285632 412376
342313 101177
223583 159264
410872 99256
25098 344285
1354 285632
125420 133679
328656 264257
160145 30566
169261 69725
71507 435216
344195 215929
132662 27931
429466 116499
403804 215599
335702 360815
10605 366722
121379 403804
223789 423632
898 136276
286641 410305
169261 163643
212889 342313
160145 98942
210514 342313
430323 35019
147496 60767
160145 90402
344827 160145
31833 264257
36869 137646
12109 403804
160145 221585
5146 343172
48683 133679
87291 145854
136988 5146
15739 133679
50490 87291
226732 136276
136276 210912
342313 28570
367685 48549
147496 13697
113504 360815
37868 342313
23805 405534
133679 164336
104090 133679
5146 408227
410288 22868
162918 87291
134714 160145
5146 425682
405534 116938
150118 20805
254419 115423
232635 334165
136276 97595
150217 228152
25098 331572
403616 366722
3964 408007
160145 31402
427103 150855
259550 36869
30656 430323
25856 342313
150791 237156
150791 214974
421738 221026
151726 221026
262467 224511
403804 97686
37466 430323
143225 415077
28660 342313
430323 412148
69733 221958
171273 137774
114630 344195
232635 234865
344195 216294
5146 144616
103501 366722
144050 421535
145400 221195
264257 35538
403804 108921
138511 403804
228152 273345
280824 162343
343463 97568
261322 25098
138881 167444
410288 420505
342313 3991
403804 102729
285632 262346
217089 424045
426788 38058
107396 136276
147496 216772
31977 342313
285632 420069
168603 403804
136276 110408
159693 37125
231376 403804
133679 154818
147496 229394
224511 262149
224511 140171
36869 329937
167444 34064
285632 253544
268590 289083
167927 25098
343291 5146
152781 427103
157643 405534
327617 25098
169261 368907
150791 2085
97568 227
285632 331587
119273 132662
413138 64237
330045 136276
256531 229873
160145 344749
87291 156643
101678 158931
224754 133679
403804 158186
111434 410872
38058 171604
64237 332107
71507 358489
415077 27991
99480 164627
217089 328055
253565 31933
346177 120880
114603 253565
211907 403804
160054 87291
153884 36869
228152 426416
150070 217089
224511 424697
415682 223583
167444 138607
5146 150729
87291 133676
208113 113965
147496 206005
405534 347552
405534 117528
328032 25098
216026 147496
366408 282550
288780 254419
367303 36869
111319 403804
222249 150791
150791 332156
366722 38415
133679 87663
59831 133679
433389 285632
228938 342313
164382 36869
226261 150791
430323 226986
224473 136276
263389 32976
160145 37156
427103 143971
265638 424896
160145 90444
403804 349123
150791 56194
133679 409131
264257 215278
147496 206236
205632 147496
328980 410305
267684 150791
223789 342789
285632 256241
403804 168498
371987 25098
403804 164361
32976 145651
361011 160145
87291 1854
32144 132662
160649 223583
106671 343208
403606 5146
285632 269307
404002 36869
160145 39309
161483 223583
124540 169261
106866 403804
405534 143932
37561 342313
16432 289083
327061 36869
38058 146919
403804 110855
28458 403804
152739 5146
403804 339776
342313 30786
410419 110627
169261 162787
145535 36869
22881 405534
168989 342313
71507 117861
147496 30861
136276 333923
25098 126285
155094 265638
1787 147496
434952 48164
118745 405534
410446 228152
223583 136227
205845 133679
97568 169520
207823 133679
288626 256531
253565 120854
342313 208285
414691 228152
264257 215874
405534 159639
147812 51478
227396 133679
156830 110627
147496 224101
147496 231947
158420 169261
27074 366722
34859 256531
181952 254419
982 254419
169261 160913
20138 410305
164115 87291
342313 4100
218790 147496
143225 337083
9288 147496
61457 150791
424865 217089
100803 344195
261633 25098
283574 327370
164825 10978
16854 281846
25098 270688
227293 147496
150791 109232
5146 145906
125109 366408
149423 133679
165535 403804
136276 370530
25242 403804
342313 29121
24553 430323
344125 223789
140680 87291
38058 328316
59271 133679
430323 221635
114143 150791
371633 25098
206225 421535
150791 220801
150791 31132
265638 12609
405534 407454
135584 254419
25098 156784
115872 403804
210806 430323
263999 150791
406790 25098
228810 342313
225117 254419
36869 70759
87291 158626
111750 150791
145400 26804
344195 24256
138648 417437
236237 232635
38053 264257
421535 208842
331177 25098
405534 104918
123012 133679
264257 119419
163633 51478
228152 116080
61033 410288
403804 4352
160145 22712
223583 136581
135615 5146
133679 36022
426208 25098
66710 120355
366722 30626
106934 405534
163966 342313
415152 208033
288849 423601
422717 410872
28412 430323
156001 87291
51185 133897
363950 223583
651 224511
23042 430323
24480 264257
410288 28842
406518 36869
287732 430323
285632 254792
60852 410288
52813 136276
108137 160145
270042 36869
223583 152945
259321 285632
410872 122978
410305 416788
114026 421535
137723 51478
264257 54332
27209 136276
349851 285632
327727 217089
397880 409846
22766 344195
147496 26223
132265 5146
282878 408731
106225 405534
403804 99508
342313 24255
150791 49178
223583 151839
418919 410872
25098 170000
108112 342313
105508 167444
280707 160145
285632 415818
71893 283574
342313 168689
113965 339943
228152 329806
222882 415077
424704 329553
405534 25126
5146 158038
110659 136276
225370 366722
432277 419235
410110 102348
143944 5146
147496 26344
160145 109391
344640 147496
347768 104918
11507 285632
223583 154463
160009 228152
32976 137763
167444 134185
168905 342313
120011 256531
38608 410872
342313 34196
145190 283574
1059 150791
