289769 31265
156311 410872
171273 123650
344852 253565
371663 283574
2394 284427
354888 288607
237081 3964
51478 360263
25098 282153
171273 12175
418879 66710
72720 64592
432277 211318
48164 408133
220531 367545
158414 421535
150024 289083
162088 421535
87291 217147
71507 106629
254411 345715
145874 356656
164197 432277
48164 148754
408731 30831
48549 431393
432277 121813
286256 38058
144455 254411
167444 16145
328274 90991
87291 57023
421535 364128
432277 137496
213205 71507
228002 87291
217434 87291
434069 48391
132734 264257
410288 267527
106178 432277
264257 141208
273414 432277
90991 15621
23535 432277
36869 49505
336717 25098
432277 5503
103115 432277
90024 36869
65419 342313
357634 350820
71939 51478
138437 265638
132775 90991
125655 430600
342313 267395
285632 123949
87291 206963
51478 335899
410288 228196
2685 404471
87291 125113
261927 367477
87291 214104
236086 163886
5513 403804
135236 66710
262582 167444
231907 289083
410288 71170
262825 397880
356656 14796
405367 269755
432277 218357
167123 51478
369180 410288
285632 109163
51478 432932
433236 38058
71928 289083
410304 167444
433590 99480
101240 284921
31526 285632
432277 413851
36869 49352
329203 398259
116921 66710
36869 333386
254411 164993
51478 49342
100150 432277
410872 254483
3964 286823
367477 228749
59477 356656
415077 371086
226605 87291
330166 342313
116253 403804
253565 165013
356694 398259
120880 66544
151670 410872
70516 162128
5857 408731
132842 342313
402705 417437
2394 67272
361584 358264
253565 286358
333063 36869
284921 29801
169152 3294
357634 217998
334400 48164
262029 432277
285632 105019
37335 356656
267372 410872
253565 152808
403804 13021
282470 360341
158711 256531
285632 108433
87291 106683
421535 235319
254770 167444
167444 267464
350343 265638
90095 97568
398259 258003
133760 397880
213673 87291
62798 403804
51478 166795
71507 116279
220901 356656
87291 35796
431193 97568
342313 63667
214091 366408
139973 236276
280257 357634
114851 335282
62545 87291
171273 121311
410288 153396
103401 371047
356656 163918
259196 150215
432277 24616
26673 360815
221508 430600
133613 171273
417437 171363
336413 25098
405564 51478
66862 264257
289083 403751
36128 403804
253565 331194
252656 162128
356450 360815
134914 360815
260557 350014
145189 265638
410288 227773
170929 223583
115483 360815
101730 285632
330936 334157
220134 87291
345820 51478
51478 432383
342313 371907
71507 416119
150791 428196
55549 403804
52091 342313
171273 57091
432277 225721
290052 36869
285632 110030
237338 2394
410288 262246
342313 430309
335189 90991
403585 253565
208138 356656
167444 58143
103401 89624
328020 226456
137540 285632
267312 410288
211575 367477
284921 29641
5146 236710
234245 264257
267377 169475
410288 419681
345022 417437
209956 71507
71507 215229
71507 216454
264257 151112
285632 62459
12135 284921
11237 66710
220763 289083
87291 99012
283558 167444
5071 284921
285632 64670
167444 53455
415512 71507
432277 36185
432277 427277
26197 285632
132947 167444
4725 432277
259374 397880
71507 16255
171273 8574
138907 356656
72720 216391
37172 71507
71507 99122
289769 32281
354888 3391
333559 171273
72720 3808
12611 342313
397880 282173
221958 410811
15627 398259
311863 339310
331797 71507
219865 354888
167444 266762
32905 432277
87388 342313
354888 162148
167444 361334
272606 432277
5934 432277
423741 150791
256531 153329
29046 408731
289083 208905
167444 272954
432277 142931
223372 432277
4520 285632
261913 410288
3294 285585
167804 226456
342313 427815
152150 48391
1166 66710
137434 355218
342313 331928
146367 48391
268731 342313
366372 5146
432277 37550
410695 87291
422937 430600
342313 427258
105404 285632
411604 208033
223583 284222
167444 97806
260283 167444
255413 410872
28320 430600
329897 357634
222928 71507
428718 342313
214150 432277
167444 221342
404304 415077
57109 285632
415077 350327
105425 289083
356656 219538
167444 419067
219672 285632
38770 432277
282381 417437
167566 71507
167444 263501
39474 71507
421535 333432
253565 284500
360951 71507
285632 24537
403804 367576
347911 410288
403804 140059
332785 48164
340395 415077
70462 82065
430400 404471
71507 12162
408731 30027
171273 282460
87291 427265
15740 342313
167444 224007
414238 87291
168829 25098
89385 223583
432277 253328
167444 62383
256322 167444
402777 264257
342313 143033
87619 167444
87291 168305
71507 330730
342313 428989
398259 101718
51478 88700
285632 57356
214725 432277
98209 285632
357634 111423
123548 171273
66710 430245
367477 70557
266780 287168
273202 432277
51478 397534
430600 429482
65987 66710
87291 418760
288079 36869
284921 264285
59052 289769
101277 71507
171273 136674
282087 167444
44883 410872
161196 358264
258659 398259
403618 51478
87988 51478
25098 435502
87291 415643
233836 87291
159394 264257
350014 422646
100219 408731
59235 87291
71534 32545
289769 108559
214801 285632
419108 366408
432277 33016
71507 228796
372664 221528
434164 38058
90441 360815
87291 428557
32545 431393
432277 418186
71507 167257
97568 288253
20031 87291
287182 6305
360815 34938
432277 162010
350014 414567
342313 138835
161666 289083
25098 171539
118788 285632
149997 357634
166125 51478
24985 71507
55453 342313
426676 342313
337083 341123
371632 403804
123494 71507
9082 66710
97568 88048
52305 289769
433062 217089
138028 285632
157271 358264
149843 415077
264257 411625
284921 260162
410872 256120
366408 113827
289083 32282
289083 138664
404471 268151
180602 382565
97595 285632
334184 223583
284992 357634
71507 106015
342313 418558
416709 171273
349860 417437
136524 253565
15374 342313
209901 432277
13468 71507
342313 273604
115691 355218
280622 342313
254411 432864
237548 171273
284222 217089
367545 221289
432277 220692
433664 48391
71507 21467
368956 66710
226690 87291
106348 72720
363961 51478
58395 433646
409563 253565
66710 61109
215797 87291
360944 36869
10213 66710
12364 283574
253883 367477
236603 36869
25098 336316
432541 223583
206814 356656
264257 432578
264257 160749
285632 120816
289083 120920
408731 66015
432381 253565
373289 421535
209863 167444
398259 65365
337083 106439
367835 99480
265638 432926
265638 282119
330222 167444
267377 406096
411059 223583
7007 285632
51478 336118
51478 432561
117441 289083
87291 212106
415077 136570
11192 90991
36869 285627
360955 71507
360815 122300
109900 87291
410872 75230
232231 145906
21090 71507
410288 264094
335860 342313
150791 423014
367477 228271
333585 36869
270543 432277
71507 208997
271829 171273
342313 423455
344232 289083
210971 167444
253565 405404
289083 206479
100917 167444
87291 22493
36869 431315
221528 425703
71419 36869
285632 133819
282844 5146
234417 97568
31669 336946
87291 21889
411510 36869
360366 282470
357634 147565
3294 69982
65277 404471
14691 403804
90824 51478
332223 356656
289769 57365
360323 120880
217726 87291
38058 430598
208033 171713
371183 267377
27029 285632
155140 432277
87126 38058
354888 370565
337083 62439
335282 283756
48903 36869
66710 113691
284921 258685
234852 162128
289621 97568
115321 236086
410288 349187
100054 171273
71507 32349
223583 90219
351218 36869
114951 342313
356656 102603
432277 429327
167444 86885
285632 214085
327836 342313
45082 367477
99591 408731
289083 21762
421535 398176
257799 90991
289769 125639
285632 155820
66710 34472
51478 406392
261240 397880
285632 212077
162134 48164
11233 66710
285632 33702
226998 367477
149468 256531
167041 36869
38058 90064
281916 355218
155053 265638
97568 433606
12247 167444
342313 256841
432277 105357
61032 285632
404471 134592
284921 10161
397467 264257
167444 270261
2428 167444
235249 285632
136599 403804
102057 337083
167865 87291
430861 223583
417755 66710
410872 367216
72790 289083
221797 333290
27186 285632
430600 132818
410288 419516
432277 15260
26136 432277
206691 167444
410872 162470
171044 133679
342313 52072
423748 432277
342844 72720
48980 289083
397880 273313
432277 57844
87291 39060
357634 106029
360815 283514
433639 223583
71507 105701
35130 71507
342313 333873
71311 337083
66710 13055
121216 360815
236730 397880
432277 267653
410872 369075
432277 268012
167444 262106
167444 417126
281061 432277
154659 410872
254983 285632
367477 274783
62231 342313
342313 139052
335166 25098
119660 87291
102114 354888
104502 354888
285632 13606
281595 355218
342313 273438
337083 1798
283055 284921
48164 236109
285632 118678
357634 225230
285632 122822
221528 336976
342313 1452
350508 71507
169023 2394
282900 342313
432277 24532
72720 100063
33889 356656
285632 231446
343327 410872
366396 5146
408731 100696
87291 430308
166871 223504
71507 350408
167444 229754
432277 105398
337083 62493
283836 285632
230967 289769
360815 24224
410872 335048
360815 27850
57300 432277
48391 236815
126017 285632
432277 152786
218133 432277
342313 428019
289814 25098
36869 288157
285632 215713
289083 167394
15805 71507
52787 342313
403804 115765
282470 414039
417026 71507
87291 404283
110321 167444
354888 372509
221528 167128
256531 150812
255483 367477
72720 212718
109498 289083
284921 236969
6305 287072
283574 214360
410288 263327
410147 167444
285632 101463
432277 27321
356656 371555
367090 5146
156743 430600
425066 342313
345070 410288
285632 125233
345001 253565
66710 8445
289083 340856
33384 289083
421774 342313
269755 281392
36869 72243
124077 90991
87291 27035
342313 331470
432277 114984
101421 354888
167441 87291
357634 35795
36869 281058
138689 342313
108288 285632
208411 432277
149940 330954
87820 342313
337083 29696
288817 223583
72720 287155
258209 408808
25098 336068
357612 283574
428260 397880
410872 152471
36869 236935
431614 334836
99734 432277
207321 403804
87291 101486
143854 264257
289083 224301
36869 286890
48391 86923
264257 152416
430401 87291
87291 104161
223346 354888
8845 408731
367477 960
137788 342313
342313 329924
432277 150881
117708 356656
36869 286358
282267 285632
369036 342313
264257 402737
167444 207865
120880 360244
337083 236692
134481 432277
425205 410288
71507 111140
289083 117845
330936 145603
103822 289769
417437 133002
259782 398259
157584 258209
117060 342313
408731 120767
207074 289083
152790 415077
218006 432277
357405 367477
253565 134012
51754 285632
432277 208478
218277 357634
163751 48164
285632 225594
342313 255060
427687 87291
329351 356656
87291 331947
435528 72720
409983 342313
432277 116290
360856 357634
87291 417616
237482 289769
6206 284921
167444 270722
156357 415077
431001 223583
90648 36869
171522 264257
34197 285632
417437 351330
408731 15890
71507 5157
55113 343443
432277 125114
285632 230303
342313 27
254028 342313
262888 410872
230108 432277
431203 223583
58395 432071
71507 211921
233655 38058
61184 342313
285632 62858
410288 264578
110212 167444
235960 285632
75166 171273
90991 257210
359555 410288
167444 65324
347628 410288
285632 55205
357634 121662
408731 4650
342313 266645
72720 170909
415077 286216
117190 66710
53145 167444
367477 413638
138217 66710
357634 159483
285632 227967
28532 337083
418848 356656
349551 355218
171673 38058
167444 281533
421535 158080
285632 136132
124741 360815
337083 62329
410288 357965
97928 367477
410872 143389
417437 88739
397880 132
410288 259134
136531 285632
87291 27320
171273 37329
167444 270362
71507 286853
231402 66710
283574 33183
66710 418690
263339 342313
87291 102137
22437 432277
432277 150238
286732 417437
410288 44784
157301 256531
342313 256381
167444 102167
231934 285632
253565 140977
100973 285632
335293 171273
25098 335444
145069 415077
87291 225424
27746 360815
372589 171273
417437 359364
27279 285632
283301 289083
226867 87291
422071 90991
52647 432277
226456 367662
97568 337203
144095 253565
254411 369050
160178 269755
428313 397880
432052 223583
36869 86860
56025 432277
167632 71507
101231 289769
88753 254411
71507 220941
360815 38963
342313 417823
97568 89920
211266 337083
99561 283574
350014 263793
342313 281650
237448 264257
16313 356656
253565 139415
156326 72720
100041 171273
419013 342313
22144 171273
430833 103401
282470 260983
125555 71507
354888 118902
281014 208033
285632 162421
253565 155512
154421 421535
71441 397880
334999 36869
373036 358264
408247 417437
211577 366408
285632 265544
415077 150003
146394 432277
398273 264257
150269 410288
167444 236052
48391 144514
408083 357634
97568 90000
145279 254411
167318 36869
231044 356656
87291 31779
143029 48391
61643 432277
33579 285632
118616 289769
206468 432277
267377 349081
66710 60962
339969 282470
403804 16590
26912 337083
223583 361003
16170 342313
410288 89468
16190 167444
416684 71507
161544 410872
167444 252633
289083 25725
213743 71507
87291 6752
167444 20191
417723 342313
433239 20477
289083 232479
354888 163679
87291 108452
289083 228068
66710 412577
90877 223583
10078 167444
48876 432277
58645 171273
87291 58471
415077 286078
410288 148056
167444 103833
104368 71507
219184 71507
404471 63849
149940 259472
371088 289083
233573 150791
264257 162520
355218 136121
342313 255036
342313 270420
155505 358264
221768 87291
6452 408731
163007 289083
356656 28084
87291 383
7101 87291
140641 432277
334756 342313
38058 336614
51478 141401
366408 3691
404471 271241
284921 26359
71507 32447
373269 5146
257878 432277
344136 282470
71507 215312
5146 288155
137968 253565
211399 285632
236226 25098
167444 260829
397880 410348
167444 213087
360815 126136
350014 424449
133647 343443
3294 88118
167444 220893
285632 136587
264257 410268
55964 342313
342313 140751
337083 108192
162206 265638
61230 71507
342313 366827
315194 339310
171273 114596
289083 209018
114492 432277
410288 148119
342313 64117
417322 403804
356656 114492
327435 337083
360815 120773
