121219 121308
195995 196092
131701 131613
87006 85200
141154 141767
37043 37588
221898 219786
176146 176479
119567 58928
149104 149255
82636 86775
29224 27346
111575 103352
33625 33840
175380 175225
14717 14544
195705 204121
25651 25665
154512 154444
171603 171391
19376 19458
111504 110975
20631 19458
153897 154745
55911 56547
232105 231303
233197 233136
130900 131446
123567 123416
198901 201459
247436 247742
204729 204528
172909 176286
160784 161026
39586 39565
253032 254334
206419 206434
189990 190431
179804 175000
38806 38682
67848 67942
60696 58532
69249 121575
71990 72102
20738 21306
154265 162429
134577 136057
10771 8885
125783 126358
24566 28852
40015 39931
29362 29035
156502 156297
125783 125895
162429 168875
39949 39931
35134 12319
112109 111575
105094 105127
63229 62856
33826 33753
173107 173560
67197 76677
158046 159957
164814 165872
121308 121575
169837 168063
155276 157655
161721 213236
18180 33840
160987 161026
253283 251206
237824 262142
147873 147716
149497 149104
111106 111183
46590 46735
49093 48720
173154 173107
107148 107173
158725 158046
19279 19458
55754 56547
20738 20703
90333 85238
153853 152854
24566 28878
175000 177971
1345 1529
212374 211979
196092 197080
165383 165056
171391 171645
162429 154269
185402 166269
221917 219786
140498 140459
25094 24911
18129 19458
123567 123573
154371 154174
208283 207945
253283 252174
167960 166011
146008 203705
137243 137404
232200 230268
198971 202082
48277 130871
197738 194935
140764 141154
168987 162449
17101 33840
41046 41151
29250 29362
179351 179461
124349 124410
138433 139032
111575 111925
29362 29070
168063 170514
199959 200548
73472 66223
153655 153712
147653 147388
146928 146901
41046 39949
20072 21123
148315 148244
63009 62920
131453 131345
160377 160596
146761 146901
141767 142352
137431 137088
153712 168585
8905 8831
121219 121298
26566 25274
25274 103574
169419 169727
48720 49325
194666 194851
68215 68331
154258 162449
141154 141129
227081 228866
173086 173107
142352 144371
87033 87006
89343 89287
125817 125783
199959 199849
1769 5529
37751 35911
107151 107173
148905 147716
237708 237627
39869 39931
198449 194935
131613 131759
185402 184770
26021 25883
20738 20497
244143 243189
154918 155276
62979 62894
171632 171409
167428 167516
102626 96987
203435 214396
110044 110058
21330 25959
146078 151579
11565 11491
205829 205879
41046 40522
199959 200723
111639 111575
23877 23817
179441 201667
148138 143332
140299 150611
231275 231303
233197 233083
49095 48720
131229 131253
207085 207344
103860 105770
123567 123398
207945 208224
163260 163585
247742 247482
204134 195705
230104 234547
24566 28851
83023 83011
46735 46303
141365 142352
5432 1769
250789 250167
207945 207536
208982 201459
40243 40350
90344 90372
25959 25851
148918 149104
87006 86649
52585 51809
250789 249965
129511 129794
131345 131127
19458 19539
206419 206134
168869 162429
105127 103762
169245 169475
146078 151467
161748 169245
46017 45979
33432 14544
195771 214443
130823 130900
23877 14369
135971 134577
153853 153550
55806 55782
243475 243466
162042 161721
134828 135393
152222 176286
221921 219786
25466 25665
33840 33629
154717 153897
167287 167428
90333 89945
83781 91767
207563 207945
189215 188207
183425 183868
148244 147610
59452 119797
131442 131345
10831 8885
51915 51949
187250 187207
156407 176496
212462 212374
13734 13908
161721 169164
227662 227532
145823 146078
111277 111504
168063 168163
135439 135608
134538 135786
55485 51409
131613 131280
165325 167428
9245 8905
68070 68174
139963 190431
40172 39931
13986 34381
29069 53079
29273 29362
67961 68325
39536 39832
233232 233301
18989 18944
55321 56011
153853 153665
149458 148590
146734 146901
58519 58532
153712 154372
196134 196092
67942 68188
207945 214532
54985 55321
48701 48930
85309 90372
260370 260439
203335 203435
26017 25959
250708 250789
85282 90333
237774 262142
153897 153824
41046 40616
165872 165645
56547 56466
159422 154512
194935 195013
111183 111316
207945 207371
25407 29004
203435 203336
48720 49202
25665 20832
37751 35843
154119 162429
134393 134577
211791 212374
189145 189215
231303 231204
176536 156407
214507 194851
13 1284
207344 208085
81649 81629
243189 243258
82409 90978
128122 128005
190431 189703
61456 61428
123929 123567
111183 111536
33840 33616
13671 13734
154304 154512
167428 165315
253366 253283
243189 244145
10731 10780
46735 47010
124349 124120
131729 131862
207945 207347
55782 55876
146770 146790
233120 233197
10690 12624
121041 121219
40039 39931
48720 48448
258620 255382
233156 233301
86982 87006
135608 135492
135656 135786
255382 258630
254594 254035
167467 165872
249975 250789
71346 70845
251222 253283
163260 162684
231860 232627
135086 135786
97170 97060
10250 10315
48701 48613
8885 10028
24723 24566
203822 204528
131229 131962
231860 232095
158046 157843
88558 88735
198281 195994
133738 133644
135661 134388
25407 26154
145047 144568
63122 62886
34381 23775
137260 137404
156502 156338
133446 133644
52339 52585
163260 163318
162453 162429
40778 38806
13758 13734
24566 24462
157729 158046
1999 2044
200676 199959
134414 132995
170481 168063
131229 131282
135368 134828
108728 108350
25407 25399
147653 147946
17012 17524
52601 51915
195994 196950
62856 63241
153712 154377
21094 25883
165056 164990
39734 39931
111183 111343
161370 212374
149104 149284
101802 94007
129684 129511
203541 203435
178049 175000
130900 130817
38702 38806
204283 203755
46735 46960
8885 34293
23632 24808
134877 134970
142963 151184
63124 62886
9104 9239
203755 203645
10729 8885
134657 135661
26072 25883
83248 81937
154351 154371
194749 194935
108728 113768
214627 194935
135771 135661
173008 173107
206419 208836
17084 33753
49408 49143
112047 112027
135608 136409
46017 46388
6499 2966
39672 39536
212374 164552
254167 254035
172444 163039
13 1428
6757 6661
231319 231303
247742 247912
156526 156502
169602 169245
103335 111183
71272 71346
87850 90240
230104 234543
154512 159576
142767 142572
11491 11689
120761 121219
154512 155128
134828 134982
203755 204499
150813 140498
12319 12396
105127 105074
243475 243461
196092 196111
146008 203612
67000 67197
37751 35825
52311 52585
247674 247742
131345 131168
142776 144568
230003 228693
148902 148244
160266 156502
232258 8840
131763 132303
196937 195709
143544 143853
165853 169727
168757 162449
22155 22595
196214 214489
29110 29069
164982 165056
163304 163039
56547 56652
168063 168102
88186 88223
52357 52585
44355 44646
81649 81739
233301 234656
212374 211812
54502 54352
102333 94007
24566 25175
135786 136145
165056 164466
152794 153853
146078 203827
169245 169448
190680 188099
29038 29362
20022 20072
68293 67942
176479 175939
33888 33840
138649 138433
30870 31089
163420 163260
203020 212374
99681 100993
183325 183868
68054 68070
121575 121316
52463 55782
235221 231860
245999 246046
70713 64543
71494 71873
146078 145810
175225 175346
138433 138859
21305 25883
41062 39931
157940 158046
146126 146233
175261 175243
138433 138237
203601 203755
206216 206419
12565 12319
196012 196092
173107 173033
253032 252690
196891 197225
165152 165872
219786 219372
198585 198971
111183 111230
154048 162429
20275 20072
111223 112047
203435 203169
201188 201196
81294 82794
110714 110265
139785 143544
203828 146078
195994 195235
212031 212374
243007 243189
169438 169727
68097 68070
166011 165881
89828 90372
179373 179441
135355 135608
46735 46302
83910 84930
166011 167974
148138 143331
81937 82116
233084 233197
166011 167924
90165 87850
105276 111183
141973 140498
171391 170800
60360 60010
131862 132273
144568 145114
134877 134810
84930 85330
103641 25274
179461 179325
8822 8905
229401 229791
162429 168939
46395 46017
154323 154371
147716 147651
140311 140498
25065 23877
180997 179461
156407 156258
165056 164004
40350 40704
10244 10315
176286 174243
8435 8905
212142 212374
202219 196937
214489 195491
10104 10315
146078 151375
160340 160387
89287 88109
207945 207386
185402 166322
149104 149143
129511 129600
56547 55837
212374 164490
56547 55756
169816 169727
255435 255382
86103 86111
253283 251326
83796 83781
233197 233096
125783 126331
49265 49143
205879 205555
20072 20255
176568 156407
84528 84687
169727 169316
139633 250789
130995 130900
8905 8133
136546 135608
76537 60602
203908 203755
255451 255382
199959 200559
206410 206419
141154 142408
124349 124532
250736 250789
134414 134543
153854 153897
148923 147716
24606 24566
131825 132303
105066 105215
33184 14544
51712 52311
50264 39931
196987 195994
148875 149104
146078 146102
48760 48701
120966 129452
214443 196268
66831 67000
260496 260370
112282 112047
40389 40350
163260 163121
165872 167466
62886 63235
49143 49063
111076 111183
68181 67942
134414 135667
17465 33944
138851 138433
68789 68325
198203 195994
207344 207516
17196 33840
230377 230658
133105 133162
162429 168938
10182 10315
169727 169506
207571 207945
196937 195991
189215 189036
125903 125783
161751 161721
87850 89843
251334 253283
181460 214079
262142 237773
133162 133111
165872 165863
125559 119830
251098 250789
206261 205879
126345 125783
207312 207344
175348 175225
250880 250789
153999 162449
88040 87850
148244 147645
29358 29224
89173 89373
39554 39586
135130 134828
39931 40070
86069 85939
214443 195990
9104 8990
175820 176051
134828 135452
8821 8177
214443 197018
189215 136651
179441 179515
151403 203755
153853 152844
56573 55782
203402 203435
147693 147653
204361 195705
37719 37751
13734 13635
13953 34381
37751 37954
202059 198971
68810 68325
147597 148244
31606 32231
151370 146008
214200 163260
25871 25997
93570 98947
253829 253868
47043 46735
129185 129511
253829 253214
219914 219786
114699 114502
38026 37751
87782 89287
154601 153853
154143 162429
175191 175261
214036 181438
88664 88558
134943 134414
124370 119959
18944 18627
232200 232227
71999 72102
39140 39586
1000 1338
203755 204114
163039 163489
27331 29224
84485 84625
37043 37568
48722 48701
138855 138818
138312 138818
77994 78681
207945 208215
109317 109582
457 1999
22595 11746
145198 146233
158057 158768
121575 121549
25823 25661
135608 135417
112795 105770
244148 243189
154416 154371
52256 51380
250049 250789
8923 9104
12762 12624
163260 162573
137303 137404
72649 72102
17126 33753
20738 20720
161217 161026
229683 229791
145466 146008
1338 2924
29081 29224
207945 208279
25634 25665
68331 68145
154338 154371
39954 41046
190680 188074
135661 134214
184905 185402
227010 227521
175878 175820
45371 45311
30076 34493
171573 171391
67491 67366
134828 134865
5275 5254
146078 151547
68793 68331
176286 174260
175000 177991
34381 23664
245416 245748
24808 24198
120031 119959
90372 91799
149140 148590
137233 137404
111284 111183
203640 195705
131229 131190
195620 195994
136697 135608
2951 1338
20738 25746
143306 142352
52610 51915
146008 151412
132253 132303
154371 154549
146135 146233
137998 137431
202078 196092
89373 89182
175000 172926
207344 207322
198548 195994
253283 253411
1338 2986
62856 62795
206125 206419
110083 110783
68018 67817
146078 151568
26017 25883
165872 165556
118267 124349
116601 119567
67195 67197
196347 214489
108728 108364
148244 147563
119797 119736
91060 86103
147595 147653
126435 126125
145877 146078
104955 105142
147653 148259
153853 153581
253829 254859
18944 25328
196891 145291
90372 90356
143398 143544
121575 121319
201459 201377
179185 179441
91515 85665
204475 203755
206419 206231
207945 207344
25105 24808
52256 51302
45371 45390
172799 175343
134414 135973
67000 67179
64047 62886
169948 169727
125896 125783
25665 25841
10095 10315
111575 111755
5480 1769
148244 148171
111503 111183
161026 160998
51712 51844
147653 147567
11263 11491
33753 33610
68149 68325
35432 16331
111351 111575
140791 194851
105506 105127
187988 190680
8905 8994
195190 194935
86848 90958
121219 121053
111504 111284
90391 90333
143157 142963
233328 233197
48267 131345
230104 230476
20548 20072
110710 110783
1769 5471
162429 154262
154877 153897
130170 128122
25661 27508
127640 128122
87006 86937
133784 133644
237567 237627
111700 111504
196916 146008
163394 163260
189024 189215
105127 105152
196891 196886
147716 147537
90221 87850
154966 155276
147600 147716
33788 33753
184161 181438
134519 135786
48471 48720
84401 84504
133072 132744
142963 143165
48720 48922
88223 88337
184869 183868
233274 233249
131703 131862
126410 125783
134553 134414
41005 39931
196564 214443
201572 201459
161162 161026
230338 230377
164396 165056
154139 162429
68088 68325
253879 253829
48255 130871
48701 48909
8172 8821
105127 103770
25592 25661
239470 237627
199959 200528
203755 204069
135661 134850
143555 148138
49499 49143
34381 23777
146008 203691
40117 39931
221418 219786
206419 208962
206245 205879
195925 196092
183432 183868
253032 253223
141154 141715
207945 207016
195154 194935
1345 1304
85338 85227
187902 187250
202072 198971
163039 163576
138859 139011
40540 41046
9144 9104
56547 52900
86017 86103
62886 63447
37070 37043
154512 159354
161670 169245
21348 20738
176286 185034
150611 139844
194770 194935
260163 260370
86103 85973
105544 105127
164850 165872
243228 243189
55904 55782
146233 146539
190680 188079
111575 111482
68283 67942
33753 17219
134663 134877
104112 105770
148244 148291
90332 90372
40655 40350
162449 162431
150542 150611
173678 173026
147653 147674
195994 195978
20072 21135
48497 48701
83066 83023
184844 185402
85281 85338
56815 52096
55321 55924
52096 51999
156502 156432
68087 68325
