235226 84485
230104 90091
86193 227952
81294 118566
84687 113872
9548 90978
86193 111423
84930 101951
17048 84930
85864 234082
284 160317
102781 82687
192847 85287
17081 83023
63962 194419
90958 193325
233372 84930
85512 192847
32701 84687
192847 79235
91515 29174
81649 11574
85864 8138
11622 82687
86103 93086
16881 91515
84687 98688
51158 84249
7750 86103
113033 81937
51721 87850
86103 233079
90978 26537
19189 81294
13195 86193
90958 24756
37484 84249
23563 84930
84485 50169
91515 10776
55125 81937
227151 82687
81294 93357
90958 112542
64247 192847
21136 89365
63177 231303
85864 50839
82687 234499
36740 81649
88558 29565
84930 31934
83781 232599
18598 82687
229986 86103
7615 86103
90074 19222
90074 111331
115366 86193
57842 192847
84249 14842
82687 115976
49814 90978
66694 6911
39731 87850
26198 91515
8086 91515
84687 101735
119213 62706
81937 40627
24055 90074
108168 81937
194419 71789
83023 8384
44572 84249
80813 192847
237627 159620
91515 98064
119122 87850
30781 86193
21751 87850
49847 81111
23465 84930
89365 25419
90958 26395
90074 17080
83781 14668
30963 81937
107413 81937
226702 87850
89365 113609
14597 86103
99339 83781
85864 26194
25653 83023
81768 119213
71622 192847
56547 67944
82687 16319
21877 89287
84249 15475
192847 77691
114968 88558
86103 53831
81649 24728
85864 39545
76420 231303
232375 83023
43986 84249
52798 81937
191233 55321
103650 84930
82687 113718
37444 90978
108881 81937
82687 13824
81937 39953
87850 231359
232145 84687
157541 284
88558 30405
90958 229183
88558 11951
33259 89365
84504 42756
86193 33515
83023 191654
49435 90978
99304 84504
82687 18226
92893 86103
93389 86193
11038 84485
84249 37443
97135 82687
92732 84687
89365 104249
90978 194017
27090 84504
83781 233284
112965 84687
85889 231020
7419 83023
98741 85338
86103 34012
230104 66408
107054 84930
83023 228454
86193 14716
116317 90333
192847 86059
83023 106007
17267 83023
83023 107719
26646 82687
230688 82687
231020 65146
34524 84687
81649 50359
31943 91515
82687 42739
81111 113023
82687 39145
86193 55491
52614 82687
17058 84687
22145 83023
8300 91515
78606 192847
84930 18609
63397 231303
76446 56547
64999 54352
55441 87850
85864 15566
86103 101735
30801 84930
11719 84485
79212 192847
163414 262054
86775 44324
233310 82687
115678 91515
83023 30854
233524 90978
102669 81937
90958 30497
84687 93991
110529 86103
31172 85864
90978 192793
190920 86103
227626 84930
231303 82856
194419 119856
113481 84930
84930 103954
31770 85864
231116 90958
6911 90430
153933 237627
84687 93603
90074 51430
192847 58222
155276 258267
25574 90074
81937 225199
81649 23061
14368 81294
83023 28092
84687 97564
11399 84249
90074 12771
65165 192847
86193 113388
95499 89287
82687 96989
108522 86193
50623 81294
81937 112261
86103 36319
82687 31524
192847 90659
91515 21560
9830 86193
90074 104154
6911 78306
101785 81294
9366 86103
231020 85520
16588 81649
83023 106070
50952 75021
55985 87850
26276 82687
28017 83023
78291 54352
192847 68995
86103 105394
98372 82687
81294 230104
103964 85864
90333 103808
88558 29772
98842 85864
82687 41677
30622 85864
85864 34454
3080 155276
81937 20722
16001 88558
86193 49650
74428 231020
20991 82687
94900 87850
28551 90074
86103 23018
93056 86103
84930 12698
54352 80986
82687 93164
106985 86193
84249 33851
89365 229362
94244 82687
85864 36638
192847 68386
9094 84930
89786 192847
108428 84485
52960 82687
29824 86103
84687 16215
119178 84930
115140 83023
73671 8905
32539 81937
65574 231303
90333 95977
27652 88558
111546 90333
65947 119213
55321 85343
56547 76805
97747 83023
50151 85864
35459 84687
86193 54583
129643 194419
86193 94194
90958 30945
85864 22714
95760 85864
21096 83023
86193 193586
82687 20802
87850 28833
35503 90074
26449 87850
84930 13330
106751 83781
83023 34093
108402 86775
84687 20809
88558 32279
211944 262872
66746 192847
15256 84249
156122 237627
104582 90074
50391 81937
6911 89299
109428 81649
228615 84687
82687 38864
86193 101692
230804 84930
81937 112844
89365 7951
16883 83023
50037 84930
16321 84930
88558 34593
60968 192847
83781 16617
89365 234796
84687 17214
231358 84485
85864 101678
211678 262872
84249 13834
90020 50952
85864 16465
83023 55496
84485 25212
233561 84687
86103 55088
91515 230225
86193 40270
84687 39345
86193 39320
84687 230005
44090 82687
84249 41641
85864 105231
87850 49935
232789 84930
80090 54352
90958 54449
97717 90333
90333 29302
84687 97997
8425 83781
21293 85864
84485 41616
55372 90958
231020 76342
89308 119213
87850 18897
94273 90074
84485 52535
229776 88558
89211 231020
81294 193583
20072 91750
172962 237627
81937 50642
36189 86193
234330 82964
18287 89287
84485 35559
87850 34759
86193 98404
87850 24314
82687 41339
227884 82687
84687 34659
84687 106094
86193 34978
44836 83781
10171 84249
100625 81649
17993 81294
92017 90978
86103 38889
97433 88558
98795 85338
42181 86775
115457 81294
94537 86103
13447 81649
81649 50769
40075 84485
35678 81937
62414 234330
227612 84930
50952 89939
53751 83023
113630 86103
90333 95602
81294 27758
234330 81514
85864 16223
20573 81937
239285 155276
86193 109325
54352 191455
99422 86103
81649 113033
12945 84249
10728 84930
86193 229901
33799 90978
81294 102724
231303 78117
111137 84504
84249 96565
51286 90978
84485 43853
83023 98311
87850 194342
35594 82687
24910 84485
104931 85864
155276 238547
33913 84504
93473 81649
14362 85864
81937 21064
108723 81111
81649 25572
90958 231162
93872 89287
27934 81937
192847 91184
101977 87850
86193 99365
100190 86193
31348 90958
13987 84249
84485 26873
119213 80302
56697 83781
13489 90978
14244 83781
9078 86193
98510 89287
74206 54352
237627 157532
52166 85864
109979 90074
85864 8424
11469 81294
37081 91515
84687 111386
83023 106728
84687 229457
90978 16935
25461 91515
90958 55429
83023 226291
227198 87850
111048 86193
54352 87856
86775 39687
9591 84249
27826 83023
107241 81294
54352 84443
54835 194419
52979 82687
104395 83023
40584 81937
25101 84687
79305 231303
82193 54352
38633 86103
82687 22237
7885 84930
94090 82687
81649 111340
81294 15847
34305 84485
156880 237627
227726 83781
33456 81937
86193 109497
81409 6911
81937 20206
91515 230433
84485 228812
82687 36008
81616 231020
109247 84504
85864 13193
85864 228761
84687 18333
22094 90958
87850 230213
82687 17307
228775 82687
88230 234330
90074 33598
81649 107640
24367 83023
89287 103463
177333 237627
62937 192847
231020 84936
81937 36067
81294 31208
15952 87850
20868 84249
99359 86775
87850 95039
50952 75723
23167 81294
84249 27611
34947 84249
90256 192847
32221 90958
110638 86193
81294 19007
83781 9615
90978 231554
15451 86193
82687 47709
84687 96398
83023 229898
52265 81649
17043 81937
237627 156917
114081 81294
84249 26909
83781 104022
90958 13261
39420 85864
85864 52871
21087 85864
59819 192847
84249 114221
85864 104079
161746 262054
34915 88558
76746 234330
111065 90333
87850 193660
108231 82687
192847 60937
65404 54352
89365 119414
235138 81937
37889 84249
18696 81294
55117 83023
83781 119379
19743 84249
82687 55984
67917 24808
43533 85338
86103 95007
85864 24616
83781 107399
25159 86103
33535 84687
90333 35398
175225 262126
82191 107679
84687 231264
86193 52374
94610 83023
84976 54352
51290 84485
83023 98081
234330 88562
84687 25585
105110 89365
12145 81294
46592 84485
82687 232045
232174 82687
227799 86103
232608 91515
30422 91515
10605 86103
10419 81294
74078 56547
84485 225302
105324 87850
92778 90074
100251 83781
91515 31057
84687 230148
17607 90958
24643 84485
31514 88558
92852 85338
35663 84504
84930 104418
83023 23806
231303 65544
81111 25660
106176 88558
78969 50952
84687 40156
39828 90333
112770 85864
120716 194419
85864 39087
42032 86193
226975 84249
234330 85160
105092 89365
87850 193759
25819 86193
69374 192847
81937 229639
40285 82687
109193 82687
110123 89287
84687 235173
82687 10883
84485 31021
86193 27583
80379 231020
231020 90413
85864 50317
225148 82687
81937 229028
84485 94314
100387 82687
98552 81649
90074 22905
111728 89287
231020 91703
34275 84249
192847 78987
50952 75677
284 156660
237627 176469
79472 231303
30870 84930
93422 84249
85731 56547
36259 86103
7388 87850
90074 32913
38188 84930
227121 90958
86103 110480
192813 86103
51312 87850
77319 234330
85864 32813
53803 85864
84485 14131
229468 84687
90074 109416
82687 23197
84930 113279
25158 84930
194419 69452
231610 84687
58175 8905
81937 230459
87737 54352
55709 90074
82687 35644
20772 83023
227329 82687
81649 30918
13388 90978
97670 87850
88558 17608
109047 90978
86103 23382
66543 231303
86193 192728
38012 84504
51964 83781
85471 119213
53235 82687
237627 156150
115407 90958
84930 36983
85864 104186
81937 54253
16619 81937
11641 90978
56016 86193
81332 55321
81649 10552
10297 90978
82687 110429
106883 88558
81937 22522
57581 54352
28745 81294
84249 107864
90958 50050
52312 86103
119213 91252
42765 84485
90333 104225
262872 184237
227037 85864
81649 97848
98968 86775
50952 75856
84485 114130
84249 95966
84485 23099
74059 192847
13889 85864
83023 50896
31008 83023
84504 50246
85864 32352
49778 85864
84687 26425
231020 65403
82687 30808
233775 84930
18624 90074
105495 86103
230665 83023
108637 81294
86193 232555
229666 83023
84930 110649
87850 226825
34485 84687
112146 81649
54852 81649
86193 42087
86193 14561
54870 81294
54352 87056
230654 83023
234123 65235
113440 86193
81649 31010
90333 113447
12162 88558
90978 119093
90978 8864
83781 9291
106570 86103
262872 213627
90616 55321
43027 84687
81937 231794
8166 83781
82687 54164
227499 86103
104491 84687
79308 192847
110013 83781
90958 13683
83781 31299
22010 81294
194419 121150
49800 84687
17666 81937
12896 90978
81937 20320
86103 43923
14149 90978
84485 29548
86103 229033
84504 110169
83781 56130
191565 54352
84930 109770
33678 85864
84504 94870
68730 192847
82687 23992
83023 233112
84249 15365
231303 57706
104590 84930
91515 17488
237627 160851
96647 90958
20004 81294
15306 89365
8848 84485
84249 37492
81937 104037
90978 114534
81111 110219
85338 29175
231020 81177
78369 234330
6621 84249
84930 43667
90978 228490
175338 237627
227587 86193
84687 32928
55321 88871
116075 90958
39412 90333
66043 234330
7464 83023
192847 69330
113448 82687
8427 88558
83208 192847
90978 10782
91515 15816
232479 91515
27039 86103
90958 9607
87850 17359
87850 23877
82687 27192
21302 83781
115515 84485
86193 29817
107437 89287
82687 32291
86193 7201
81018 231303
43761 86193
85864 10233
101877 83023
11069 89365
231020 87934
102972 85338
17497 82687
40276 85864
88558 19225
83023 231140
113520 85864
86193 26816
66740 8905
113338 86103
81937 55924
83023 113440
170385 284
107641 81937
115765 81937
80371 231020
84687 110109
34416 89365
88558 26792
229902 84930
83781 55209
13792 86193
87781 20072
20526 90978
116272 82687
86103 23043
16121 89365
92587 83781
103929 84687
91515 115522
14723 84930
15881 90978
105387 90074
84249 229379
194419 131145
84281 231303
35656 86103
230212 82687
52537 84687
91766 192847
57224 56547
71787 192847
84249 29659
235276 87850
89365 12325
82687 92579
90978 50502
102014 85864
90074 23045
82667 234330
90978 230048
82687 113183
27544 86193
17465 87667
83023 115572
237627 159707
89365 34138
85771 234330
76062 231303
90074 32681
21471 81937
103492 87850
85864 104368
87424 231020
82687 35780
85864 10128
88558 19020
81937 23100
90074 23137
92107 81937
69396 192847
113265 81111
54352 75440
83023 107342
85864 40510
15056 86193
41935 91515
42170 83023
84687 49554
9969 82687
234330 81168
112684 84504
40071 86103
231303 78761
29822 82687
90074 12173
90571 231020
110842 84504
117364 231303
8665 85864
85338 105448
36103 86775
81294 7457
83023 15006
8766 82687
81649 104425
20894 89365
90958 22759
121215 194419
37614 83781
15328 87850
9764 84485
50634 82687
16552 81649
86193 22646
28751 84687
24808 78585
103532 84930
106168 84930
32616 86193
34576 81294
231303 117444
80863 192847
54352 83027
112436 89287
20898 84485
89365 228206
114448 83023
81937 54698
85864 40229
228596 84249
86775 102992
228650 86193
107679 85260
84687 27980
108135 84930
82687 32000
23512 88558
17465 89698
110460 81294
84930 231302
84504 44439
237321 163260
54881 85864
86193 51285
232191 84930
192847 67227
108816 81111
81649 56656
91515 26332
11279 84249
84687 227035
93577 88558
27955 83781
14067 90958
86103 105119
81111 102231
119213 68935
36441 83023
55321 79307
227514 88558
10143 81937
90074 50625
88558 53644
192847 79871
85338 99420
85338 38396
16927 86103
111843 86103
231020 90625
98519 88558
66401 234330
18095 86193
112599 83023
38482 81937
84485 113278
81649 93821
82687 229955
17522 84504
39292 86193
54352 80769
