30685 30871
202307 196937
207380 207344
109954 110058
71336 71346
25997 27998
10343 10731
111575 112008
230214 230377
55782 51486
37751 37685
197578 146078
67817 68014
13 3496
148244 148577
253283 252151
72102 72448
124349 118003
39679 39586
88223 88389
133162 132775
97170 96896
163039 164008
76734 69301
24808 25131
170998 171670
113873 109425
140498 150660
196891 145461
153897 153405
159096 161026
66778 67817
119567 58718
111504 113677
148353 148138
155394 158046
146008 203765
30685 31056
143544 144001
171391 170838
87006 86707
214443 195945
111256 110058
255382 248112
157694 158046
13 1105
194851 140934
154169 154512
170972 171391
49332 48720
184328 163260
94191 94007
219786 217988
39536 39785
53800 55257
67197 67021
90169 84930
162100 162233
25884 20738
154371 159403
234224 227173
153246 153853
105127 105083
140915 141154
79958 79399
52096 52494
17050 14695
188007 187639
124514 119959
132744 133173
133613 250789
25661 25489
63232 62886
227075 234224
174296 176286
174523 175261
121219 121517
119621 119567
130871 131472
107756 33153
39828 105142
134877 135377
86775 86571
165056 165420
134945 134828
229791 229297
125783 126418
22595 22030
135881 134577
104455 105066
17012 14643
139184 138859
88223 88446
123080 123124
202324 196092
125236 45145
72806 72102
34756 12624
184263 181438
196092 196230
13734 12105
131229 131148
17072 33840
196092 197127
141314 142352
137404 137231
34381 24831
125783 126427
25762 20738
55321 54995
237627 239545
176479 176080
135661 134236
142572 142799
175111 175261
146967 148138
68331 67938
10961 24566
149144 148590
55321 54873
55321 55666
146008 145339
144386 144568
77021 67817
67942 68105
154193 162449
41046 29048
71804 71873
146233 144070
53800 55405
146233 144062
8026 8291
20853 25661
133191 132769
144831 142572
13734 14014
21187 20072
155459 158046
162429 168482
105240 104961
161721 161907
148973 148244
87006 87071
41581 48701
187250 190778
207945 207506
33840 17088
163260 163478
124205 124349
39536 39708
206675 205879
89321 89391
153853 162516
125783 126350
34381 13938
173107 177704
252075 253283
11491 21863
153853 153931
125783 125908
226961 227010
251803 252555
89151 89287
219350 219786
121824 101251
51819 51712
146008 151445
201196 200983
130900 131464
123361 123567
229791 229493
156489 160377
123444 124349
157786 155276
137431 137756
205879 205483
195994 198352
41660 48701
148138 142955
89365 89857
111575 111749
78435 78055
12624 12463
137510 137431
230003 230228
185009 184083
103817 110714
25447 25661
85458 90353
48361 38806
203755 204445
176479 176169
199633 199959
162449 159109
98520 98479
43239 42809
67240 56838
229278 229791
12319 12635
185829 180981
66551 66649
44499 35840
147434 142963
90253 84930
230377 230823
175909 176479
196449 214489
133384 250789
227259 6661
108374 109582
48720 47792
111737 111504
38492 37611
231860 232099
125745 125831
148504 148138
112047 112318
49950 49816
202090 214443
89287 89441
54796 55321
99681 100981
52866 56547
189215 135579
56838 66887
235403 230132
154891 154615
49017 48720
168898 154371
66806 67000
212275 212374
111174 111575
131509 131862
231065 229791
195705 204479
157827 155276
67285 67000
111575 111193
144568 145306
206419 206266
71445 71873
45544 45371
8291 8756
91515 86144
153712 154468
230377 230184
262278 253032
14632 14544
8179 8291
17641 33753
194594 194935
166011 168100
184400 181438
18944 105717
44735 44646
39931 41032
154371 153687
142963 151213
155464 158057
147716 139765
166563 167428
67197 67750
67817 68079
96835 96987
136194 135608
123918 123567
130287 131229
12319 9839
163686 163260
63314 62886
144568 145503
134624 134414
135786 134383
131513 131613
232200 230394
35747 44646
201938 179441
98953 101680
29362 53096
48944 48720
227518 227010
177650 160340
26853 25665
25661 26896
246443 246046
31606 31469
214489 214366
198971 198093
68380 71792
142352 144543
131345 131122
232469 231860
128333 128122
87023 87006
199959 199669
155155 155276
181438 181334
176579 176479
196274 214443
205879 205946
45393 45145
26526 29224
134437 135786
148244 147918
119623 119567
144649 144568
147898 147716
166833 162429
9104 8849
195994 214443
50439 39586
171391 152151
196092 202883
54352 56324
72102 71953
138859 138958
160340 160469
21395 25997
247527 245416
48547 49143
68549 68070
11902 22595
252412 253032
51409 55522
228145 228641
153897 153220
38269 37611
179461 179536
169044 161721
146078 151950
137404 138017
198538 196092
86853 90958
67446 67197
110891 110783
254741 254035
158057 157683
185402 166214
171391 172215
143544 144156
24808 25010
69011 68325
198438 196092
87006 86448
143681 147653
143199 140498
123042 123124
206419 209036
181460 214065
162449 168603
154957 154512
33122 14544
162449 154486
12624 10556
189215 188181
69226 69294
10731 10044
135786 134378
54352 53969
110312 109666
230003 229241
44661 37751
85398 90333
84761 84485
112094 111504
3207 1345
2239 1999
49143 48622
38199 37043
131392 131345
133644 133290
1769 5337
254035 254519
74206 73345
142352 140733
11428 12624
196937 198966
52536 52256
8905 8413
68331 68687
18390 18944
207945 205761
148447 148590
203952 146008
39586 39243
39471 39586
107679 104447
203435 202494
110164 111504
202106 214443
141154 141763
196775 146008
93213 98479
194953 194851
253588 253283
246046 246024
12319 12510
153712 154125
48720 49366
155276 158007
59332 119567
161026 160962
1345 1496
95869 100118
17548 17012
162449 168784
130225 128122
66880 56838
41143 40885
252966 253829
84930 89865
207344 208014
101680 98900
250789 250071
134429 134414
86145 91515
49436 48720
132636 132769
60298 64453
187253 187250
111984 111223
166011 168271
168909 154371
134877 135057
195705 151389
111504 110210
154371 154244
166011 165691
205879 206454
68207 67942
1769 5319
134315 134577
253829 252932
166035 165872
245416 245293
161721 161483
44797 44646
148356 143544
167812 167428
49143 48446
101526 101251
149104 148866
52585 52243
26111 25407
229174 230003
121575 121302
10423 12319
51712 51720
11789 22595
146233 145191
35505 50185
122900 123124
184185 181460
164383 165872
246046 242253
25997 25971
214443 214640
201682 179441
212298 212374
141154 140896
8459 8291
26115 25407
245416 247540
85336 90333
99369 99365
208374 207344
142352 142539
62638 62979
55827 51409
84687 84532
166011 165781
253187 254035
68325 67890
153321 153897
88558 88702
205879 206788
214443 202112
204053 146008
90329 84930
31089 31770
214443 196526
6502 1620
163454 165056
205879 202445
206445 205879
176491 156407
51409 52260
90200 85338
5003 260370
169496 169245
162449 153648
214443 196215
84485 84421
33642 14544
68087 67942
71873 77896
55321 55387
84485 84043
140924 141154
124391 119959
171316 162429
61456 61658
67145 67942
121219 120825
153853 153752
96888 96987
64939 73345
56044 55321
184083 183821
62594 78435
39160 39536
145589 146078
181333 181438
141245 194851
112047 111718
144954 144568
46735 45945
11274 12319
154359 162429
198971 202151
68107 67942
230990 231020
214443 195403
154108 162449
10395 12319
261765 255900
206680 207945
250789 133333
168665 153712
168556 162449
104961 104869
7119 6911
56636 51915
145815 146008
174655 175261
231020 229637
135608 135345
190680 187609
201459 206282
204325 203755
37727 37611
127088 126125
16972 25665
207344 205772
111114 111183
67491 68229
90878 85338
84930 90275
66551 73584
37043 36992
29088 29224
151308 146078
22380 11491
55321 55060
230003 234542
140498 151818
48720 53410
45906 46017
34238 9104
251222 250789
14648 14544
14072 13734
153031 175225
109275 109425
62856 63729
137404 138020
1338 3827
164037 212374
39586 104835
194658 194935
21386 25997
230003 230087
160340 160414
109949 111183
88425 88223
62886 63054
194851 194704
40990 40885
253283 252091
17012 33459
183868 183197
130507 130871
184250 181438
25407 103520
165872 163761
1659 1620
148244 148412
73595 66551
25665 19016
205879 206443
131613 121334
105274 111183
229791 229314
50969 56594
130197 128122
109916 111183
90372 83923
157708 155276
101251 101534
232258 232139
197461 194935
125831 125731
154371 154294
153853 153451
134613 134414
201219 201459
135704 134828
68920 68331
25795 25451
214443 203117
160377 156919
212105 212374
111575 111155
202360 195994
148590 148844
174287 175225
167428 163890
47607 38806
138287 138859
89373 87699
48339 38806
38806 48346
20072 19403
135828 134828
147716 143656
111183 111270
120700 121219
201642 179441
173901 173796
82118 90978
156407 176485
171865 171012
205484 205879
206725 207344
90372 91300
139798 142352
20072 21186
164454 165872
206083 205879
161721 161563
190431 186911
146008 203968
25407 26674
181077 181438
91515 85639
205944 205879
15333 15312
163260 184533
68322 67942
132303 132213
99681 99666
154060 153712
20738 20769
49950 49916
199959 200249
131855 131613
55223 53800
185828 179461
67195 67000
12818 12624
116946 119797
136152 137431
229530 229791
185402 166623
140498 150622
168103 166011
87006 86585
120540 67817
12319 11277
89321 89423
98947 93522
204279 203755
66551 66683
155370 154512
153227 153853
37036 37611
160590 160340
31481 31089
181834 181438
121119 69294
199959 199991
17145 17012
214993 195994
8905 9372
80222 80034
182614 173796
152592 153897
17725 33840
84930 90319
123890 123567
80034 80117
214443 196170
166331 185402
229791 229404
165056 164266
68331 68789
188285 190680
24290 24808
41382 44499
83182 81937
154728 154371
148590 149685
33290 14544
252860 253032
29069 27322
124349 124111
146233 143986
27358 29362
149267 149104
90353 90233
138433 138252
137404 138007
3608 13
39586 39264
133785 133644
1999 1874
149104 151711
232200 9021
66964 67197
162449 172540
138818 139026
147653 142971
148350 147653
38220 37611
200624 201356
162405 162449
247742 247870
84838 79487
67000 67881
64481 70713
154769 153853
178735 185379
68070 67785
127585 128122
234534 230003
154371 155343
253283 253598
214489 144232
148939 147716
153853 153338
120423 67817
9119 8821
237576 237537
89748 87850
206419 206349
165485 165056
113820 110058
128349 128122
156407 176187
254035 254092
67942 68078
167428 172165
137172 137431
230175 230104
165872 165958
194935 197731
233197 233340
101015 100997
125716 125783
39586 39638
198871 212374
135925 135661
187250 187814
149104 148280
203372 195994
146078 145548
135608 136622
152141 154371
169142 161721
144283 141154
34381 13989
8924 8821
121060 121575
40720 38806
25274 103441
176286 161246
160772 161026
212213 212374
97315 99681
254905 260370
224338 219786
25883 25740
196795 214489
188140 190680
144307 141154
155276 154467
135661 134662
162449 154259
27477 25795
34493 30066
131111 131345
148141 148244
176217 176479
25407 103457
101015 92220
9051 9104
37611 37058
253515 253283
53800 55253
163639 163260
44646 35824
132281 131613
40885 41676
105770 104059
106864 113890
162587 163260
164667 212374
195994 196249
15581 15312
232152 8821
202121 198971
204528 204901
52857 52256
148689 148590
214038 181460
115978 113890
78577 76313
56517 52256
197982 194935
48417 38806
230640 230723
232896 8885
253487 253283
199100 196937
126872 46017
140498 150647
209186 206419
250789 251038
129511 129256
260612 257202
166011 166136
119567 116588
39850 105066
168686 162429
142352 142245
148244 147594
147716 148596
173678 173172
23576 34381
67809 67942
180025 175000
142324 141154
37751 38124
60360 60519
195101 194851
165872 165390
90259 90353
17080 33840
164265 165056
20731 25883
122136 121696
83902 90353
38087 37751
135661 136044
147653 148354
194851 195038
67942 67752
131345 131502
179212 179441
224129 219786
208116 207344
154888 155276
141591 142572
129903 129511
29069 29412
259393 259754
112047 110971
203755 145454
44499 35968
52073 51712
163901 167428
101548 101251
63144 62719
165118 166011
12506 12319
30537 30685
107679 35031
154832 153712
252775 253032
153028 175261
257372 257507
85718 90353
232258 8973
35432 9487
212374 172419
105779 110714
130900 130624
142572 144479
138869 138818
195614 196092
146078 203683
31057 31477
202248 214443
166487 167428
13734 12235
13 1460
26906 25795
52096 52034
23785 24808
156397 160340
14544 33164
195994 195214
169245 162064
132769 133164
157202 155276
1338 3048
116917 119797
104485 105127
2377 1999
246029 246046
23736 23877
56497 51409
132769 132976
252548 253032
131120 131229
162429 154467
157722 158057
39767 39536
129452 129045
184216 181438
103711 25274
119797 59441
163039 163803
176461 172799
48423 48720
90334 85338
20892 25661
156502 176564
172222 171012
86019 85839
55782 55719
84485 84278
67942 67032
20738 21040
147653 147915
134414 133251
67901 68325
138433 139074
82677 85839
44646 39570
105770 104203
153909 154371
239510 262142
156502 176615
119830 125344
165237 163039
131862 131657
207344 206028
10858 8291
145339 144568
71353 71346
13242 13734
105354 25274
8244 8319
162504 153712
52473 52585
3484 13
49143 47802
181460 181817
250991 250789
39902 39586
147327 147653
25733 20738
6894 228866
41046 40563
85386 85864
29362 27338
144568 145128
129511 121208
134828 188054
25863 25795
254035 255778
17584 33840
68331 68152
148342 147716
176479 175226
78492 56838
133644 251393
253943 254035
111575 111092
39651 39931
37916 46735
87992 90353
8064 8905
124349 118293
141154 142321
33153 107866
120040 119797
11846 22595
142572 142678
148377 148244
147959 149104
208996 206419
8250 8905
135608 136599
91893 91872
25724 25883
55612 56547
29009 41046
143322 142963
