9104 9426
67000 67779
208859 207344
204210 205879
153853 155195
171854 171391
49143 48157
202195 196937
99369 99493
119830 126060
12624 11032
203755 145490
20072 22783
148483 143544
139324 138433
173678 182146
45145 125357
146070 196891
123124 125271
184866 176286
149411 148244
238743 263075
144568 146457
129357 121219
150381 149104
111002 109388
138433 137028
207344 208727
46735 47976
9478 8291
105142 39641
158057 157211
104134 104961
67942 68679
235554 230104
25407 20751
225081 225194
21718 12319
68331 68531
135597 188007
31089 31597
89507 88558
208850 205879
85839 85590
157190 154615
230899 231303
181438 180973
156407 176107
85839 85901
140229 190431
45825 45371
6661 35087
47523 46735
15003 17012
205879 206888
89380 90074
55782 52342
29629 31606
143764 140498
206419 201258
176148 175261
229138 230003
200855 205879
29862 31057
77675 56838
154625 153712
229467 229791
161721 162231
142352 194902
229584 229791
148481 147653
176231 160340
74034 73345
20521 25661
203886 196891
167428 163681
154797 162449
137502 135786
3886 2966
18742 19458
206999 207344
183991 185402
254035 261613
167376 165872
119567 119824
54739 54710
161721 169366
167428 166661
202965 214443
247667 245416
90353 85513
111435 112047
107679 103376
181422 181460
144765 141154
44646 44775
140498 150523
230132 235549
198250 196092
162449 168506
214001 181438
162233 161799
158057 155314
249254 250789
87850 89431
139865 142572
189593 134828
26356 29069
196092 198062
45449 46017
96859 97170
247097 251803
18452 17465
25626 20738
164419 212374
246046 242214
56242 55321
105007 39586
34381 13870
207197 146008
147716 149354
21808 12319
176131 156407
154371 168394
85839 90432
154997 162429
19527 20738
29069 53267
111127 33153
135541 190680
55321 55785
30685 29551
229476 229791
138859 137747
68314 67817
140498 141833
204256 204528
54592 53800
191336 194419
29369 29224
119802 119797
50862 51712
155042 153853
17819 17050
37611 38057
113911 25274
165056 172516
254035 252960
137872 137431
189215 189311
181438 184306
62053 62450
227010 227667
85513 86103
73472 58097
201459 201837
207344 208707
144645 142352
168670 166011
181438 184649
207344 205946
140142 141154
121575 70237
6724 234224
177624 176479
214443 203242
146008 144874
23877 14121
125428 45371
142572 144946
12903 12319
143544 142567
51060 51712
196188 142352
190851 134828
137461 134414
69294 68626
88558 89372
144531 141154
142572 141072
214443 202320
149390 149104
168063 164836
72113 71792
143544 141997
37043 39646
244160 243298
130900 131700
56104 56547
110312 109752
147991 148590
234766 229791
46017 36949
107679 32617
143544 143084
175891 172799
207945 206895
30685 30314
250789 238013
166123 165056
103537 105066
33840 17963
127761 125783
47322 46017
148864 148590
56838 77059
161118 158046
36943 37611
120884 129452
132769 134240
147653 143864
50411 38806
196937 195048
184083 183353
40304 37043
111929 33840
231303 231420
24808 13900
8821 230380
30685 30773
196430 144568
39586 36948
9524 35432
55554 55321
153897 153784
42380 42809
165056 167835
155167 153853
125112 125554
153853 168863
253707 253283
179050 185829
56594 51829
165056 162915
196312 141154
155276 157793
6661 34424
245416 244697
67942 67984
68325 77246
86193 86347
171391 159229
40885 40531
40350 40522
230132 230649
195863 214489
10315 16922
138433 137254
138519 137431
174446 175225
6433 1338
203524 207344
25094 13987
79399 79619
25407 113484
23588 13734
148713 146233
67197 68503
207344 204524
249167 132769
104292 39536
227716 225178
235268 230104
138169 138818
154512 154154
176479 176085
123815 123567
199439 198971
17465 18077
61456 61756
251803 247046
135505 189215
142352 141862
8821 230259
121575 69211
51458 51915
233639 8885
130900 132209
46735 46117
194912 141154
69294 121174
161888 169245
109425 109881
141496 142572
110526 110714
67223 68325
31089 32773
145162 142572
59660 62979
131229 131480
182576 173796
185829 179395
141154 186817
62886 64697
98835 101680
145128 146078
134686 187250
154459 162449
13938 24808
35432 15717
53024 29069
141649 140498
52925 29069
154512 153959
162449 172706
143148 143544
129452 120464
120280 60360
31089 31917
149957 146233
44646 38052
126271 125831
163955 165872
81111 81120
44499 45619
170784 162429
47623 48720
177202 175261
166801 166011
133644 253449
85338 89990
39586 105138
160128 165872
45658 44499
155276 153992
96900 97170
37487 40350
207344 203385
130226 130871
129511 121132
154512 153686
146770 144106
203435 205672
182319 175000
46017 46918
133218 137431
207344 206669
148716 143544
153712 154891
23877 25038
161026 158224
101015 122631
89909 89287
150001 148590
153712 159311
162449 168462
126125 126564
172719 158046
143544 143969
181438 201945
250789 251348
38806 40726
12319 10182
29830 34493
148244 148558
143777 142572
136877 138433
18787 18944
172799 175908
12624 13512
130871 131689
84930 91949
206770 207344
104612 105770
135608 136136
80034 80312
144555 141154
89195 90074
176286 183739
67753 67000
27118 25407
133242 132769
111973 111504
230104 230516
153853 155010
25407 25717
46017 46638
154832 162449
160116 158057
134414 134775
169656 169245
128122 126263
134577 136783
146078 204190
196661 196092
25997 34398
153799 162449
25586 25407
148138 148608
186825 142352
25407 105316
37751 44795
39931 39288
73345 74188
97057 96731
24566 24955
89919 85338
207945 207707
168947 171632
130900 47223
159465 154371
80622 80922
11647 13734
188007 187251
110611 109388
155173 154512
168063 168628
143544 148575
134828 134365
23093 20738
171339 154512
159209 171391
98573 102701
194857 214489
230374 8821
131259 132303
56499 51409
125296 125112
25959 28074
164034 165872
153853 154996
231020 226736
18924 20738
24073 23877
49143 48023
137404 136915
175949 175261
112235 111504
32945 31606
125601 123124
46017 46949
48796 38806
194851 195669
200624 201569
101680 98844
134577 134875
204285 146078
173107 182201
143544 148529
135786 136417
70713 67246
146233 145152
224408 219786
123124 101647
253032 252710
71346 71133
135357 190680
176678 173461
155280 158057
39835 37611
129474 121219
146078 145254
119567 119700
110783 110381
176479 177385
146008 151471
103606 25665
204781 146078
34170 107679
154911 154512
122584 124349
92353 92502
1620 229
46735 45616
141154 144489
55321 56265
26040 20738
135786 134434
158046 158547
190431 186379
29362 40195
142572 142901
111137 33840
51340 56547
209784 206419
10731 232703
25606 25959
232200 230710
165191 163039
229906 231020
137431 135893
60360 60584
7910 10315
48701 50416
142572 141073
164517 165872
103273 110058
173107 179917
231020 226660
248241 251803
25274 26761
235202 230104
213346 161721
111659 110058
207344 204162
18882 20738
133855 133644
175225 174348
137431 133246
134828 136428
184083 183870
111575 112455
146078 196617
206419 205289
10731 10367
131229 129605
118242 119567
230030 230104
196092 196380
253600 253032
22846 20072
182141 173678
236487 245416
165056 166071
149104 149770
155193 153712
71873 72643
59406 119797
56547 50890
13 3827
155215 154615
138433 139628
89365 89509
130900 131829
200762 201459
165058 166011
111183 107902
159803 155276
148306 142963
162449 168216
154753 153853
38806 53466
135661 133250
196347 141154
156502 155611
206221 201459
60602 78668
37867 38806
199959 200836
161721 161604
62886 64654
25094 23656
50108 35505
67000 67780
185402 181885
109388 110034
163605 185402
155276 157275
133330 253283
129511 129235
134877 187969
246674 246046
110981 112047
29224 39827
219786 221532
144236 144568
162903 165056
167428 167090
147653 143542
172082 171391
71346 64670
34493 29910
115258 114502
168200 162449
122632 101015
71327 70713
96792 96987
37043 39418
229467 231020
134577 137024
68070 69121
154235 171632
189215 188409
152048 156407
136481 135786
37751 45926
104124 104961
56250 55321
147653 148463
134828 135510
8821 228479
159584 154371
39889 105127
130962 130871
165056 163584
31838 31606
29069 40137
84258 84485
154371 154769
119777 119959
227680 227010
3158 13
110058 111698
111183 113873
62856 64723
135919 134828
153217 153712
3274 1338
8244 8779
175820 176510
26826 25661
136747 134828
198966 214443
166280 163260
168063 168935
25407 18594
134828 136308
14146 12130
131556 130900
147653 148067
140364 150611
162429 168557
201196 200553
183868 183650
34398 25665
37685 40350
166345 183868
23030 25959
48720 41597
167822 166011
94252 94007
83023 82209
144282 196891
229896 230104
232117 233274
67817 60420
130302 129511
143540 147716
158046 160082
205879 203176
108011 107679
204528 146072
69287 121575
25997 27877
62654 78435
160189 176479
252423 254035
122644 101251
130900 130140
45728 46735
38461 37611
196891 203642
120713 129452
15763 8291
232215 8821
207344 206841
76192 76313
171012 170383
56229 51409
212374 164968
128298 131229
33779 111183
153712 154887
12624 11094
201196 200670
68070 68883
63315 62979
70713 71173
29362 29178
147653 150975
155142 158046
87006 86541
144568 142031
137404 137557
12319 21799
31198 31057
111402 110714
195705 203357
243189 243311
253283 251970
109413 109388
148138 147888
165872 163793
232109 231860
253283 253766
155219 153897
187250 135116
235574 231186
1338 3328
173125 173107
146078 145922
134877 135889
134400 187250
8291 8560
6911 31995
145283 142352
204036 196891
166011 168709
33840 111860
51915 29002
104592 39586
58508 58532
196260 196937
255382 255539
128447 123567
207344 214569
15032 17012
76188 62979
188007 189529
206924 206419
35976 46017
84504 84371
125797 119830
141154 144521
230104 229175
184548 181438
27718 25661
230104 229814
13734 23085
39586 29128
165056 162762
43720 35505
53065 48720
158046 161060
229781 230003
153978 162449
253032 254607
163039 163085
163039 164277
134828 135562
176479 156293
141082 144568
36228 37043
204171 146008
187855 190680
41046 41333
69156 68325
183237 185402
148138 144065
154512 154717
46017 46209
109425 113945
184083 183445
130066 130900
195994 202481
45977 44499
8885 232920
210973 212374
147653 148595
189215 135211
202579 146008
179504 185829
71196 71346
40491 39586
229791 230947
20738 25802
64759 62886
168479 153853
251803 252609
15404 15312
60360 66998
264008 253283
207945 205860
24685 51915
35505 36087
142625 142352
207344 205848
134414 135028
168995 154512
105340 25407
46735 47795
81302 81108
126112 128122
246046 246870
176009 156502
154615 154383
26422 29069
146770 148764
168275 162449
166198 176286
56481 55321
260370 4140
68743 121219
134414 135484
26545 18944
148138 148972
110714 103773
89443 90353
88756 90074
26821 25407
147510 142963
68580 67942
51712 51888
83023 81958
40606 42809
162449 154815
130871 130486
67817 120856
12624 22391
128495 125831
102475 100499
151607 142352
23877 24252
250789 249601
101076 101251
188254 135661
259784 259754
176286 152360
169351 168063
35749 37611
144043 143544
171391 171102
41117 40885
119830 126070
145453 144568
162449 154424
129452 129507
134828 135531
23877 24047
149104 147807
154371 152087
185402 166787
171236 154371
25997 21199
176700 173461
143544 148758
154371 154912
105142 103717
188007 135544
122871 125112
63234 62979
67827 67000
124458 126125
1338 2683
154512 157639
62979 60200
116655 119567
52357 56547
31089 31022
87864 85338
8026 9104
15312 15730
141509 140498
164949 166011
44499 45453
123567 124332
71346 71732
94629 98947
137404 136988
37611 36520
196891 145508
49966 49950
146078 204100
187812 190680
9494 8244
124349 119694
104005 105770
188272 134828
250801 253283
227271 234224
50839 51409
141154 142578
105142 39693
152305 172799
26507 29362
186043 156407
29362 53192
190431 190747
69294 69467
134411 137431
90353 85700
127374 126125
13727 34381
156502 176264
212241 212374
34659 31606
25997 28587
165056 167305
24566 24236
45145 44920
108379 108728
135661 136818
99882 99681
25407 26871
86103 86343
199959 200908
250789 249429
25638 20738
201335 199959
22595 21811
167428 165842
33822 17493
207945 210822
38806 46918
119959 60048
28594 25959
195297 194851
63282 62719
126858 45371
137431 134018
205879 203521
53800 55022
133501 134577
154615 152552
167344 163039
109388 110742
136269 134828
84510 84249
39586 40035
260410 257202
205879 207106
66414 66551
60421 67000
204615 203755
91872 80778
73345 74035
206419 205246
171632 170692
51712 51967
229517 231020
71346 64745
104338 105066
201459 200930
205879 203154
52606 51712
89365 84861
33141 107679
61456 61841
205879 203177
162449 171283
158046 154560
141629 150611
67476 67000
143571 147653
71788 71184
25959 25697
150611 187267
35432 19797
165056 163350
148770 146233
56838 60249
153827 154371
40859 48720
158697 161026
58532 58480
23810 13734
35766 37043
162449 159277
231020 226713
25383 25665
110783 111781
124349 119836
142963 143524
24021 24808
206419 206646
59581 60360
243298 243668
85772 86103
46017 41446
142963 143270
168503 153897
196870 203755
179678 179592
134605 132769
81953 83023
138053 135786
27562 25795
160340 160640
25094 34158
227010 227149
91872 90496
14544 32986
153897 152118
51080 52096
133499 137431
179441 214798
67000 67745
25883 23217
48635 38806
60360 66883
152831 153712
53318 40885
148755 148244
132303 131293
47641 49143
124349 124106
25665 20398
230377 234622
165489 165056
162449 171571
196937 202623
252170 253829
207945 211222
142572 146128
255734 254035
229791 229623
188007 135058
135608 137868
160377 176534
169209 168063
80610 81108
203005 198971
139068 138859
105066 39832
103472 18944
200723 201196
159458 171632
175225 156274
38806 46898
143544 148294
