70868 71788
152090 166011
60501 67942
67197 60479
202838 196937
135682 133644
119567 60927
6661 7241
1338 2431
232258 232613
174289 184083
194990 142352
14146 23877
25407 21304
167691 154371
194851 197536
211459 165872
197078 194851
151458 146901
234330 226736
153897 159729
125831 125605
120059 123567
133950 132744
109582 110170
253032 247105
47338 131345
30685 32906
17023 15312
231860 230389
211574 161721
252908 251803
146008 202559
190680 135639
48360 40350
174748 173796
18976 33840
214322 196092
150354 146233
137431 134271
155388 162449
172146 176286
107793 31606
190680 136120
109425 112032
70713 67134
108190 108860
210164 207344
143544 140121
138603 135608
158057 155948
59059 60298
78435 77637
111183 109273
24892 13734
133870 253032
104961 29258
253283 137280
146770 143453
162449 154864
195810 146008
135089 189215
25274 26497
28704 51915
22702 25795
230852 230104
146770 150110
194851 197646
163918 163260
138093 133644
29069 41124
158057 171311
19292 25661
212374 165967
195434 198971
49143 35538
63669 63009
31606 7307
132979 134414
157878 160377
109442 110783
143544 142025
158057 153879
231959 233197
59465 116743
122967 101015
198304 203435
28928 23877
105240 29362
132371 129511
105021 25661
26827 29224
176286 166386
22138 12624
121310 68331
157686 162449
56191 53800
148138 149481
65122 73472
137404 251249
147653 143441
155893 154615
160377 155535
18464 105066
169302 212374
10874 12319
28374 13734
201459 179580
67292 67817
194667 142352
168535 155276
20072 16270
242920 243475
15476 8244
33514 107679
62979 76920
60298 62691
17271 111183
76912 62719
18184 33840
96667 96987
228541 227716
37611 37178
142352 197128
22995 23877
25407 27752
13 6339
184706 163039
167158 153897
139672 134577
35994 37611
195122 141154
51584 56594
97170 99507
249266 253283
73345 76585
195884 141154
247955 251803
110342 111504
48720 38325
232006 233301
231479 230132
69294 72538
14544 31507
98947 49876
88558 88258
33713 33153
25274 18296
120068 56838
190110 142352
59565 116743
78521 66551
49143 38980
20476 25407
39745 104961
53633 54352
203435 206432
253032 133615
60602 59464
48701 46444
230104 229459
63009 64466
214489 204406
68969 67491
104515 17465
205879 201415
213488 162233
167075 153853
142963 149073
73956 66972
133786 253032
12319 21431
148590 145710
8861 230723
8291 16428
90074 91704
230032 230723
16492 232258
153897 157859
146008 203489
161026 157133
107545 109425
112868 112047
203435 200376
189215 135821
48701 38480
156407 177723
111183 110049
154615 157875
143020 149104
125831 132498
154615 152464
151473 140498
227610 234224
60025 67491
141985 142572
1345 1043
56838 71368
86193 81592
29458 30452
131862 131059
141861 190431
110225 110312
134577 138417
48054 40885
105127 20771
40866 39931
109366 110058
206419 200258
56547 52071
243158 263075
111504 16955
176479 176925
171467 153897
152367 185402
146783 142572
174450 176479
197017 195705
41046 29437
211657 167428
249171 253283
196706 203435
48926 38806
121219 67795
106598 29458
123567 120170
52676 55782
196444 142352
170602 162429
53257 49143
60298 59408
148138 151630
110058 110577
86111 90601
71346 72655
67942 120631
231697 232258
155276 161029
26761 105127
48701 40749
31089 7557
147165 148590
137448 138859
163039 183376
13 3119
161749 212374
20848 25274
48701 41234
135661 137603
205879 210702
189477 132744
60501 67491
201196 200819
261765 256066
29224 39222
176286 174334
206419 213841
152318 175261
110982 109582
128780 126125
156407 175240
25237 34381
60713 78435
143918 147716
124349 132576
65712 78681
112047 113714
160847 156407
140822 196092
138433 137005
251803 251069
132303 131975
25795 20964
125831 124869
56466 51915
70713 71394
146008 203163
230104 227879
26664 105066
19401 35432
75303 57901
81369 81601
201459 206693
81759 79399
206419 209645
22851 25795
146547 149104
31606 32051
48534 29069
44646 45549
39586 103670
8244 232131
1338 2394
72559 71792
104961 113278
172573 165872
195910 142352
199745 201196
155847 155276
162449 170495
67942 120952
157247 153853
144773 204528
138433 133410
105127 41050
167428 169706
89321 85464
88010 76313
227716 234984
67942 120389
40885 47504
128692 123567
130900 126837
17493 17396
37751 37276
163039 211677
126125 128934
168337 171632
129231 121575
194559 142352
179461 213913
234383 230132
135661 136916
87772 88223
65221 73472
171012 171632
130583 46017
166910 153897
33753 112578
135255 134414
144034 142352
150866 147653
128122 46489
111125 14544
110058 112142
153159 155276
165539 163260
194851 196840
131862 130713
8821 230344
38501 39536
146872 144568
125831 125458
125783 127339
176479 161241
209097 179441
165502 162449
169832 171632
138969 135786
10357 230377
133162 135876
211705 165056
196279 141154
203755 146865
176286 152924
62856 61010
66551 77225
203435 204607
130242 131862
157260 162429
135288 187250
196622 214443
46017 50553
56594 52065
142963 144023
28224 20072
158057 159177
206419 209535
73375 75303
69443 121575
67817 67438
69817 121219
228641 230363
160950 158057
166847 153853
17050 32881
229806 231186
78435 63161
166885 153897
145096 141154
146078 146135
89255 90074
111183 33242
8905 7221
32251 17012
211432 207945
154512 167981
153070 160340
68331 120900
151048 143544
77015 56838
26071 25661
148164 207945
32601 111504
71346 72490
68070 67726
206613 203435
194967 141154
158057 155861
135661 137076
18191 25274
245443 247742
185379 179127
109425 111682
39140 105127
117420 61456
16729 13734
31374 31089
163260 165341
104623 25795
253192 251803
99728 101015
31089 30899
131862 130390
105370 17465
108880 109425
141803 146233
261765 256792
1999 5186
253283 250207
151443 146770
153897 152992
138098 134414
230723 232469
183868 185609
23115 25661
71324 60602
112485 104961
141154 143419
195705 151950
29458 30681
181033 185379
20255 25959
143924 146901
196937 203398
203435 204528
155997 175225
143544 141571
38806 47183
194851 215125
119567 60079
72102 71853
231020 231709
142352 151362
171253 171012
37611 39028
82239 81649
71788 67296
151611 194851
230003 8109
146078 146428
111984 107831
146078 144106
250789 242522
135978 132744
255382 263372
167035 162449
134877 132882
33153 31140
154771 158057
68331 60477
231455 231860
1338 1052
252575 255382
205879 207219
57075 78681
214489 194598
127040 130871
129839 130900
13 4076
10315 12718
33753 18928
128122 129518
130502 49143
158057 159334
63376 60298
132744 248492
149104 150962
105066 11218
85417 89287
162449 169772
60298 70702
25959 22904
23120 25661
34167 29069
25959 23465
230666 229791
111984 110605
123124 122371
234465 234330
146333 142963
35312 13734
34493 32099
33753 18440
60145 60298
200546 201459
231187 233197
162449 166667
137404 137942
145740 143544
141154 190072
163039 210012
3367 2966
232467 230723
25795 23021
124732 119797
138818 133588
134414 139655
135608 188836
145104 146901
188007 136590
129878 129452
25661 18359
123567 125484
52096 24593
181455 163039
167612 162449
68070 77820
228461 8821
214443 196909
153712 155417
88635 90074
146588 148244
41518 44499
96085 96987
67197 69360
25665 27169
36352 39536
7041 33153
139319 137404
111575 109613
123473 124349
91063 81601
18465 25795
137867 134877
138083 134414
107950 17050
197244 141154
105142 104314
137445 134828
12319 22532
62884 62979
184439 184083
172799 153183
129511 120879
231186 230143
134877 137429
181478 181438
44646 38617
23622 25997
146770 143379
251803 246064
161721 169767
140498 147599
37611 44748
110471 111504
137609 135608
171475 155276
24349 52585
122152 117595
174555 175820
98947 98415
60602 67900
9648 8885
110783 104344
51755 24566
40885 48892
13 1988
235889 132744
10315 12811
37611 38990
132703 135786
155323 171632
101772 94007
251385 137431
174211 172799
62719 64676
31606 33365
110058 112829
32417 30767
99918 97170
163260 181403
230003 230673
151001 148244
85624 90601
128462 124349
26769 41046
167428 161393
14932 8291
31057 29831
36812 35505
246046 247665
155123 154615
153853 166655
123248 101015
119342 119213
9244 230377
143307 214443
67676 129452
81530 90958
23120 13734
166011 171032
45371 44402
110312 109527
49143 47007
166319 181438
228933 230132
207344 201681
142653 142352
52169 56594
39393 38806
48701 37729
50165 110312
145555 142352
111793 110058
37533 46735
13734 22021
78435 58322
76313 75233
152315 183868
230132 230749
168063 168413
25883 27524
204528 207059
125831 120327
251783 253032
207505 205879
160377 156018
138836 134414
34038 10731
22595 13285
29824 30685
177290 175261
19773 12624
105938 193329
203755 145157
162449 165912
25959 23273
34985 41046
207103 214443
25997 25530
16651 8905
101601 101015
149104 149999
166243 163039
233274 231445
177789 173678
46735 126679
251727 253032
172699 166011
33153 15060
46735 49404
244391 243475
171115 171632
31606 30732
201196 209713
153897 158243
40350 36477
134557 250789
251532 253032
160377 157074
230104 232197
158190 160377
171425 166011
104961 105721
201459 213940
206419 201826
203755 195427
170983 162429
13052 12319
235235 6661
135034 132744
78052 62886
31606 7466
123645 125112
197656 214443
17012 111330
71346 77631
67817 68965
28936 25959
232960 233274
160340 175983
209897 163260
260275 1769
40947 29069
234123 227462
195696 196891
24808 14027
20738 26738
162449 167311
230723 232634
34132 25883
255988 253032
127319 125831
104961 40461
205879 202695
229595 230104
205879 197098
109388 109194
160340 156564
110058 112422
142572 148179
110086 110312
88223 90415
196742 203435
135608 134877
162429 165702
175261 174152
169839 162449
214489 194534
134577 138466
254566 253283
31089 33317
253829 255763
142352 202568
24808 23340
37070 40885
158046 154143
129865 129452
168063 161671
25883 27576
105446 25407
125783 124594
150689 148138
132394 126125
33153 15145
110554 108728
158021 153853
46450 48701
207945 211984
84227 90333
200703 205879
139606 137431
46017 47515
166289 166011
48720 38709
40885 37789
22860 25661
31606 31338
142261 190431
126783 128122
40128 40885
247773 245416
104547 111575
209377 212374
151037 148244
23160 25665
211464 207945
179461 201568
38806 45939
104961 40295
39768 29069
103800 105770
73345 64351
81397 86103
133162 137460
213821 183868
105770 113298
207344 209558
123780 125831
81643 83023
67197 60133
21224 22595
68927 72102
110072 109582
198971 197588
207344 145397
166011 171468
256586 257202
17493 19427
36595 39536
210193 206419
230132 229057
253032 248233
111529 105770
214489 151507
146770 143491
14363 33753
119600 60360
210633 205879
142699 146078
101015 100890
119830 124964
120787 129511
29224 41136
37611 47534
121219 68079
40727 49143
153712 157303
102475 100523
82870 83023
39170 37043
150570 143544
111984 112717
39704 29069
162449 165870
40885 49378
144568 149981
17555 15312
28998 24808
134414 138030
81747 83781
131862 130948
60360 58861
7617 9104
168937 153897
166011 152152
135014 132744
40885 40115
136530 138433
130900 128295
136272 188007
151845 147653
138818 138555
146233 141969
134877 188312
62766 56838
133705 137431
45145 46169
187940 135786
39323 37611
125783 123576
21566 20738
130900 126829
153897 168802
97170 96513
257507 255682
169671 166011
49143 40268
28359 34381
8244 9449
138053 134877
203755 202702
147653 143980
109388 112322
205879 209457
51046 52585
143544 140182
246729 251803
19035 105127
142572 148675
230377 231826
68070 69529
36518 39536
165056 210811
26780 29224
162449 157842
262219 261765
18516 25407
33153 111101
159304 154512
133575 138433
102643 96987
212374 167398
30685 29515
123567 123641
35505 41965
212374 209187
35432 35421
35432 9068
17384 20738
145190 141154
44499 36470
89495 89247
49143 52961
175261 156387
256052 253032
132744 249140
95899 97057
24566 23744
2966 2125
28312 24808
40429 37611
142963 140447
167834 153712
138582 135661
228805 8291
1769 1897
181383 163260
189215 135028
161026 156864
243298 244380
165872 171478
246500 250789
206419 209632
24709 52096
170998 172061
129906 121575
166164 154371
25094 14066
46513 45371
203864 196092
134828 136714
12713 22595
47237 48720
232258 8062
46975 130871
185402 175314
89287 85461
147653 148774
25661 33964
137404 132587
137431 250150
144568 141382
156407 156040
63009 60470
21150 25665
25274 112618
243791 245416
250626 133644
169245 167827
135682 132744
77560 60602
142637 146078
133251 253283
27049 29362
70879 68331
167014 163260
43865 35505
162449 152646
147653 149659
61456 61547
166011 211951
161314 201459
164711 167428
134828 138167
86336 84930
171847 171632
250789 138707
105066 113275
120201 119567
155276 158316
82618 86103
24808 51668
129511 124459
253283 133599
176394 176479
85397 86103
23261 20738
109425 111328
40131 29362
168587 171632
204800 196891
62822 63009
176286 184275
162418 153897
183868 173987
251952 251803
76990 60298
33753 107839
113861 115887
63482 70713
116743 120095
129452 126527
154371 157772
104711 37043
17050 18675
160340 156082
83023 80841
29362 50390
51712 54861
3131 13
15312 19214
110652 112047
44754 45371
41040 29069
153897 159938
85793 87850
70956 67942
21876 22595
196937 203379
24587 23877
67000 121500
94582 102475
38806 46698
155934 155276
83781 82152
210052 207344
241889 250789
253829 251050
132249 130900
81649 80801
70713 62931
160340 175968
144568 143754
71792 72178
194628 199959
62886 70775
25594 17465
153712 167655
146233 142266
85864 86665
253032 255608
111183 14612
138538 135786
185857 181438
66551 70133
153897 166662
115796 101990
174312 176479
