201196 213807
111183 31884
62856 59212
61456 62587
87850 86416
104505 109388
165196 154371
29224 103458
121575 131221
104509 33840
58612 60360
133568 251803
232783 8905
225191 228641
24432 56547
24566 27639
107679 35386
166543 181438
184675 166011
164530 206419
194851 203036
199959 196247
40350 47950
10731 19772
144435 143544
168004 154615
9104 31592
59756 67817
98389 95869
62886 59152
203755 150038
214443 145592
123124 100502
110673 109582
110058 18628
25520 29362
81346 90978
70320 129452
67197 126588
54971 51915
26400 38806
167872 185402
91974 97057
7409 17050
207344 199408
165064 201459
37611 130700
140962 203435
207344 164523
51915 55305
32325 8291
200791 163260
17012 8541
25883 13882
71873 60411
173796 181611
26389 25997
84687 82868
51866 56547
230723 228920
45371 129660
166359 171391
103817 109582
34245 31089
12319 21179
185402 164118
37043 47903
234224 30237
229995 8905
110783 111847
144958 207344
164215 154371
196736 207344
14562 30685
86392 90978
175669 173461
127335 123567
104325 111183
30094 6661
230003 231156
17030 25274
105066 34184
105127 40576
196937 199856
125783 121608
15633 12319
156407 175053
175321 154371
156407 157132
23840 25795
255861 246046
104417 29458
6911 35023
201581 203435
109582 32614
207344 163281
241231 251803
70713 68816
44646 45100
24808 25552
165872 211208
23877 12607
18970 14544
202659 141154
134081 138859
247612 251803
135608 134022
160340 154747
90353 89076
9104 22355
111183 108563
100290 97170
109456 33753
127924 44646
163039 206486
196937 188939
59323 62886
24673 51409
130871 41329
233240 229791
233281 229791
255511 246046
175539 175261
177150 173461
9040 8885
125959 129452
51951 13734
207945 145908
201196 214208
125783 122419
86103 89545
10731 233390
168332 158046
62887 71792
42809 37539
25795 40514
166011 158002
67197 127839
138433 252418
173461 178120
153712 163650
229791 225138
14125 12319
10940 34381
250515 254035
260520 261765
246046 250771
134577 252463
250706 254035
198971 200625
126183 48720
168242 158046
172509 153853
31057 33404
87744 89495
8024 10315
228641 232259
198391 146078
146078 194650
117595 122380
201726 146078
33840 31536
19921 10731
175225 163230
65254 78681
189215 194865
142572 149294
86556 84930
87850 88465
25240 13734
156863 153853
189215 189708
131613 48377
63009 70758
80922 90892
205879 195504
111575 18448
29069 46782
90601 86957
70337 67817
105034 111575
79399 81230
160428 153853
121452 67942
161721 210689
17465 110968
250608 254035
20878 13734
230377 10066
59514 67942
249619 246046
72096 63009
241736 250789
154512 174202
197944 196891
195324 146078
25997 20178
29069 37802
24986 56547
25026 25997
49057 29069
19628 25883
122252 125831
152526 158046
197738 142352
246046 253910
175261 154713
195941 206419
147653 150338
123124 43306
37611 130544
9547 230723
199959 201868
176479 160922
154615 160499
38806 45419
139762 214443
53396 37611
67817 119652
72102 76417
166011 164060
71759 68325
165319 155276
80857 81111
149006 146233
112369 105066
53031 37751
20656 23877
36305 29224
40430 105127
58835 67817
203131 142572
207344 213928
120468 67491
110783 39657
90958 82576
27931 25407
108728 112510
90958 89523
241214 251803
67817 61000
176834 173796
249061 134828
203435 144847
162429 171959
13734 24380
68790 60298
13 2799
38806 131340
152600 176479
150611 149914
31089 15300
139280 137431
37196 29069
252456 138859
156729 155276
184456 153853
185402 165513
150086 142963
50137 101680
190246 143544
246046 245450
211855 205879
246046 251105
115748 92700
195633 205879
88227 89495
29069 103876
37043 48694
38806 128133
105142 17932
128049 119830
68966 56838
46207 38806
77644 68325
29064 48720
31089 6531
138433 187225
43048 46735
107679 14918
229791 226866
76881 69294
21090 24566
155276 170512
80137 81111
165494 155276
122863 46017
88878 76313
155276 170852
210426 184083
124068 67942
145597 207344
144568 215113
154950 176286
29069 113403
72102 67789
129452 132322
109582 36331
172788 185402
123124 128911
19469 104961
77861 119797
163260 206453
162233 170053
108678 111183
175820 157272
17012 32558
152683 176479
81937 85666
246046 248741
135661 252103
253491 138818
117595 116603
262281 245416
144844 194851
67000 124329
155276 153023
33840 109317
13406 13734
250874 132744
139346 134828
32097 8291
17012 15728
254016 133644
97170 99352
51712 55457
67942 70247
55321 50905
62856 71923
37611 130709
24566 56624
163039 171437
37157 46735
207019 163039
161026 153553
231020 232252
144219 204528
133887 251803
109416 30767
171391 164695
184795 153853
25997 21867
37751 49380
102701 102747
229355 8905
142963 187090
196442 190431
196168 150611
12910 25094
131229 47313
10731 34750
33753 21578
176479 158559
111183 50161
251803 247760
246451 261765
33840 14895
210614 201196
153773 161026
160889 153897
119564 67197
125112 127968
161721 170963
105494 25795
111575 25301
137282 135661
59154 119959
87850 88500
164221 162429
134828 249985
232650 231020
247661 251803
9104 17662
162429 152962
67197 120056
161721 164098
175578 160340
121952 123124
46017 48677
125783 130174
126140 129452
89495 87685
31606 110980
167534 161721
18536 25997
138859 251276
111984 26158
86069 81379
184699 154512
60298 120157
138433 135181
199959 201818
25959 51673
158057 152096
246324 133644
160517 172799
207153 142352
53800 51309
15811 12319
246046 256211
231020 232710
250732 132769
87850 81408
263778 245416
60953 60360
67197 124080
25997 25198
36933 29069
179461 210219
8291 9320
33840 19754
7579 232258
123124 120268
124790 121575
62411 66551
234224 227552
77664 67817
230658 231020
156407 152194
134577 139651
126125 48019
214443 203764
254310 246046
171632 172822
101086 96987
162344 154615
199959 210159
203462 142352
87967 87850
111183 25278
17012 109955
62886 76596
196985 201196
49794 46396
81649 86642
213920 199959
153262 176479
45371 129322
71873 63125
204528 141765
81294 85942
21718 25997
89460 76313
17138 22595
209401 195705
170830 153853
135608 133028
27833 29362
129522 130871
59297 62886
173461 175672
25274 17866
134167 251803
153981 165056
200624 198325
148590 141838
105142 40906
210964 181438
126125 47390
124135 60602
31057 107826
67760 71873
33097 30685
201790 212374
86193 80833
91770 76313
166881 156407
35432 8093
24808 11462
134828 248878
161721 210498
131694 46735
211141 146078
105142 111423
72372 67197
163260 170750
125505 124349
46017 53308
46833 130900
33330 30685
155276 174731
29069 47278
166905 179461
60192 68070
37751 39499
98479 103111
125783 116937
132724 137431
185379 181494
104691 37043
212374 207338
179678 185698
1865 1338
50465 37611
13109 13734
90958 83565
201196 206979
158318 153853
205926 179441
146233 202557
154332 163260
210724 146008
121021 124349
251803 256067
91081 81937
197285 142572
228022 231020
124324 67197
68325 60465
125783 123033
131278 121575
156502 176835
131440 46017
146770 148315
194846 196092
140267 149104
104971 25959
233301 230195
159113 163039
163260 201354
46017 40595
227735 229791
112537 105142
117063 62719
263400 134414
33753 113840
176479 158864
25407 33556
201196 205437
49232 37611
57621 66551
113845 25795
37328 45371
35576 110312
203912 142352
81649 83704
171632 161137
156821 175261
230238 231860
112047 26616
41666 105127
24329 51409
131229 125925
23612 25997
132303 121626
211375 203755
144568 148400
229791 232159
168969 171012
186197 196937
33546 110312
176286 182606
37796 105142
68325 58857
253283 242540
143544 151990
251803 249459
207895 146078
88223 89921
183868 175820
166011 184580
130098 44499
161721 207611
201196 202158
201196 198391
205879 198284
9104 228194
67817 78666
138859 136336
153897 165515
202119 141154
33753 112487
20222 33753
156502 174101
153853 175983
111735 35505
111458 25661
138859 134196
29362 37233
13734 21212
29069 39285
201196 181348
47806 29362
84245 76313
154009 158057
263075 243542
214443 145256
112047 33381
21152 24808
249668 135661
29069 26552
25407 35389
111575 14880
125831 130711
25959 25204
232298 233274
99353 96987
163260 179257
89484 86103
72102 63340
77091 125783
31652 6661
154371 163689
125783 131153
117595 124561
146843 207945
143544 145763
56755 25997
17560 25883
125363 125783
67942 129308
41858 46735
156502 157932
138859 136217
142572 190176
142572 204204
212374 205552
181438 174195
230377 20168
170936 158057
18070 105127
155276 167830
25094 27847
165056 169119
21211 13734
125112 127693
261830 254035
251256 254035
33638 31057
211650 183868
63692 70713
129511 130523
45371 38525
146078 208941
20719 25094
8611 17012
207344 198986
162685 206419
156407 158442
129452 130223
116635 60298
9239 230003
34959 111183
156502 153278
72761 56838
87850 81474
48720 44540
200624 184321
25407 112412
37611 53406
198920 203435
176286 180535
25795 23615
40512 48720
76313 75165
33840 110775
140818 143544
143340 146078
60602 64671
15629 12319
125783 126695
104961 19030
62719 117264
60799 60298
135661 249044
201196 202361
227532 231820
207344 164307
46017 39973
143544 141296
146008 197356
134518 138818
162832 176286
54159 55321
126469 67942
154615 166459
45371 126190
120126 67942
250889 135661
37611 42631
39429 29069
176286 182061
103638 17012
29782 6661
10991 22595
231020 233146
156502 174539
124771 45371
154615 158561
132347 119567
198224 207344
134828 134818
37222 46735
67491 124711
194851 140111
190540 189215
104271 109582
252353 138433
229286 231860
46017 44292
231860 9608
240385 132744
162607 201196
115819 29458
251803 241417
19713 111183
250789 135660
9104 228356
261358 246046
128227 46735
38363 46735
128177 45371
207916 165056
48720 27355
85338 80892
36667 110058
25959 19764
118389 125783
27305 40885
140626 196937
137431 252948
135608 133406
181438 206753
176459 155276
144850 148138
155658 158057
115748 115000
100561 123124
24808 21211
176286 175053
195480 143544
45371 46823
25795 105434
44499 127029
202324 194851
48256 38806
166820 155276
136052 253283
123124 128218
132769 138294
214443 186936
71839 129452
69294 71611
153853 184245
129511 46409
155276 166079
145131 203435
163643 212374
87158 84504
8885 231761
123567 121177
250789 138671
13734 21806
228641 9011
250789 246862
19610 25795
137404 250093
112047 109212
173461 177058
71693 69294
131862 127174
87162 81937
126125 121148
86193 83153
212374 169989
23877 51817
48720 129998
141265 143544
195705 195432
68331 72289
14146 20982
59725 123567
111790 110312
15048 12319
212264 207344
153853 163123
162449 158205
183183 153897
29224 112733
1345 2208
116386 124620
153865 175225
68331 128419
6661 15438
67817 71128
24959 22595
167296 212374
184132 201459
243475 235634
157885 168063
138433 134899
139602 135786
82704 83023
227698 234224
231303 228972
128435 131229
183833 163039
174102 154615
231726 8885
56547 11007
102701 102456
129452 69581
157861 175261
66551 62392
24231 52256
121973 119959
128185 45371
68637 128122
157992 176479
175261 175635
50415 29069
73627 79399
176479 152397
70301 67817
62856 59542
240924 250789
47354 40350
1620 4548
87850 89537
33913 110058
201196 209479
171012 169766
168167 163039
29069 38263
214443 188760
125831 46491
207173 142352
105142 17895
24713 25959
8821 16179
185204 173796
37751 128067
68325 70798
89495 89843
50074 108728
88223 77921
93665 98947
107883 30685
125783 130485
207344 164957
134414 138592
190120 144568
26791 29069
146233 196036
80421 89495
25094 52164
62845 71788
130900 47003
162429 171817
120160 68070
181087 176286
214443 200416
162981 169245
127506 125112
167851 154512
163401 207945
127876 125112
28228 13734
61456 117123
37043 105229
104512 110058
125453 131229
171391 213369
22051 23877
83023 82245
138818 135092
46017 49562
58532 116851
111984 20517
174740 154371
205879 144250
62856 59223
37611 29115
126951 123124
86193 81690
154615 170857
146931 214443
228497 9104
205879 198536
256457 247742
67642 60298
241789 250789
204528 211018
8182 229791
24566 22281
207344 199991
22595 13407
123124 124630
85069 90978
201196 210281
161721 168892
13734 21473
111575 15112
196843 146770
111183 14770
53800 51323
160340 177099
50027 101680
233274 231816
109582 32874
25795 24183
129341 68331
146233 140865
62719 117213
125112 99730
207344 145644
190152 137431
20864 23877
136165 253283
251236 138859
137431 132683
142128 204528
114470 115748
10687 9104
46735 125613
41449 29069
142352 207152
69535 70713
91606 76313
97659 98947
32052 232200
10590 24808
148590 144402
250708 254035
166011 176337
69294 127708
122974 99681
17012 21155
162247 171012
44446 37043
85864 88515
140191 147653
43871 37751
33077 112047
8291 19694
37124 46735
67197 120615
206419 197270
29224 104224
107173 108461
12319 11985
31606 15541
142572 196605
141376 196937
76690 68070
34574 33840
9861 232258
10146 8905
150211 144568
9104 232790
179461 206969
189664 196092
135243 138433
225081 227969
199815 205879
188007 137105
195705 150000
155276 174441
29303 25407
46134 130900
9104 232814
90353 89085
105770 20355
232981 231860
176286 165074
110915 112047
82687 86688
146078 211532
199959 202211
130284 125783
246850 250789
198161 199959
138859 136664
123124 128137
173461 176918
155276 176273
152612 176479
150078 142572
140362 146770
230132 226265
8555 17012
166011 210623
112047 19237
85338 88309
176286 162969
158244 162449
38806 37009
124435 46017
165000 162449
56365 51712
154371 152197
8244 19115
250789 254883
58532 63088
29224 47809
207344 209056
90333 81593
20738 34600
122571 123124
135661 248904
