46017 105517
45371 100885
137431 197527
201196 211213
132769 251843
101971 98947
62719 119864
10731 22287
107687 25959
232867 13734
212374 142566
42418 125112
46178 67197
82584 85864
16054 31057
100250 37611
199959 211787
125527 117595
31263 230377
48720 125829
29458 7702
29069 36109
19987 29362
208429 201196
8905 107919
153897 206696
106646 31057
253825 138818
129511 71890
29069 34252
119567 120775
214443 140483
252766 135786
207344 194828
45371 29364
251803 259859
175261 181335
53581 25795
25407 11929
99419 43700
148244 141165
156407 163732
176479 159284
181273 207344
158057 172661
153853 161533
234538 231020
70699 117595
201196 202673
129452 71809
16724 229791
25997 56180
214489 200957
135786 246508
81111 86435
185379 166729
38062 125783
161997 207344
76313 66215
138859 188116
160340 185627
201196 166135
166011 206071
108728 36554
158057 185240
29458 113784
41699 46017
111575 11750
228784 12319
48720 124022
8291 34927
12319 235363
37691 123124
34705 24808
208283 176286
120306 58532
172616 158046
165872 174520
30685 226966
17533 13734
80034 75466
49131 123124
9104 21190
29458 108670
25959 10459
232237 33753
206825 166011
60360 122670
251761 134828
18501 46735
30685 112416
134828 254172
119567 125694
253826 132769
109764 29069
173644 176479
70548 125831
159867 154371
76595 117595
37751 103624
231020 6694
97057 43436
97057 36665
116743 56886
182057 153853
89067 76313
52534 25959
76313 74507
173620 153853
209111 153853
6661 111462
187611 138859
128759 38806
68325 63733
10731 229807
111575 109553
196092 214115
184456 201196
12319 8821
186532 205879
175261 184186
244138 251803
26327 46735
51011 13734
123124 116796
12319 20516
69294 59881
25407 49046
99611 102701
52097 54352
205879 167403
232328 227716
172432 214443
203435 169805
17564 29069
209474 176479
45674 132303
212374 146258
32117 230132
50218 17493
8905 29812
123124 53577
196237 143544
142572 210760
107173 111043
89917 82687
169400 214443
213147 154371
173461 176110
111575 8406
205879 165389
46017 39873
181438 175906
246046 256120
253283 247536
27396 24808
227493 231020
34117 230377
179318 205879
62856 69018
5254 4585
29069 24461
156502 163674
248574 135661
34315 29069
83023 85599
166607 156407
204 257202
176286 164562
159870 154371
181438 199276
201886 166011
43999 29069
48019 42809
83023 89395
111037 41046
8905 12691
147653 204671
250179 137431
205188 146078
189215 151356
168047 201196
199959 180939
158057 184094
49794 128037
46735 99942
62856 68911
179652 163260
207344 172085
154371 160596
27254 13734
82687 81296
86193 87437
9330 17012
25407 36497
102701 42333
111575 8039
124349 71747
102701 110314
182122 153853
107995 8905
155797 165872
253283 190767
45145 117931
201196 167066
59872 61456
110786 38806
111183 37110
68119 62856
188987 143544
106808 112047
25959 48597
38469 25959
104509 108190
62856 116756
62077 78681
25997 34684
45371 99696
60726 60602
58770 62719
71788 59962
175261 209092
231303 227677
47318 125112
98947 110177
190680 253671
207344 162098
164069 199959
6479 254035
166525 176479
90936 85338
125112 47269
12226 10731
162429 210221
125899 60602
29069 23613
10540 229791
18066 30685
58696 129511
126304 63009
72767 129452
205879 168390
197357 137431
128759 46735
127697 68325
187320 134877
136449 251803
208404 142572
38416 125112
187389 135661
248397 250789
31567 230132
110058 29244
44499 126557
89515 69301
13734 55788
202857 163260
17809 8905
202985 181438
158046 161820
233512 231020
12319 6706
22595 11128
244202 262142
27241 12319
254268 132769
44131 110783
52328 25997
45119 97170
211469 158046
120129 123124
246907 138433
15312 25243
29069 22002
33253 230377
125783 72696
162897 154512
59751 117595
43392 29069
91186 78681
96987 42216
99561 37751
122425 46017
102701 42271
45371 103804
194992 137431
203435 150978
76313 78422
104932 25997
62856 120343
194778 137431
53069 131229
10731 7551
141027 190680
56632 25407
250789 188828
35923 29069
38365 25407
201196 208545
184595 154371
68556 123124
46017 125699
120550 116386
117595 128822
12623 25997
123124 46982
128534 38806
158046 164800
234799 9104
46735 39213
111183 12457
159249 176286
79399 87936
110389 17465
143544 194517
82150 87850
176479 168095
155276 209939
255807 250789
138433 246910
237576 237003
148244 195388
122252 46017
124810 46735
175328 154371
23546 112047
81111 90752
7675 231020
251803 245338
53800 24336
130569 67942
148138 197542
76313 90375
29097 111183
123765 131862
146078 167973
134414 186251
198150 134828
119706 99681
182303 176479
24844 25407
30685 17868
81937 88225
185725 175261
129511 124226
24808 55538
207344 186622
248497 134828
176479 168231
130296 119797
46735 103645
68569 123124
43743 111575
10731 15212
34208 31089
201196 183093
129511 38340
125093 42809
16591 13734
195705 212819
184177 175261
43487 45371
158057 211199
132303 48792
18890 12319
115887 116120
176479 185447
208243 185379
100039 37751
242266 135661
28107 37611
9491 231860
29458 32143
17437 30685
55674 13734
205879 143430
158147 212374
97057 122962
62886 72856
128522 132303
253687 134877
29362 35856
30685 112862
4459 251803
184083 208677
179461 206586
83023 88419
129452 47977
96987 98323
65980 76313
68781 132303
97170 42593
151369 201196
199959 183881
263992 245416
181345 176479
10731 228563
146078 164150
129927 46017
45371 53514
46735 100513
175261 161331
61819 67197
76328 87850
166649 207344
227760 8905
230132 11524
25407 47307
129511 123203
151847 142352
132303 35857
201196 204907
52256 21264
84504 91828
109407 25407
155276 184033
12319 107675
77726 69294
131229 38279
154512 170120
111338 25661
132303 45802
191954 192847
176286 172081
227759 9104
117595 125676
67942 117374
260021 1338
85815 83023
37751 18896
130871 132438
110312 32175
9404 229791
189745 134828
182585 156407
20068 10731
97170 43943
37027 25795
197215 169245
158046 172167
19863 30685
104961 20898
146078 167460
69764 119567
207344 190844
156407 171336
49879 37751
233274 10120
7950 33840
207344 169345
6661 10126
214443 188504
123124 60429
132626 254035
85465 76313
40433 25407
146078 164012
175261 159059
101735 96987
257273 251803
111376 101680
48720 129056
131229 71419
50466 46017
119788 125783
12339 233301
102528 98947
82893 82687
209626 153853
264335 137431
8428 22595
190680 134161
104586 24808
179461 181978
9104 25884
36553 110058
46735 124932
100137 125112
35834 132303
176479 153703
182012 185379
90655 86193
110783 7423
110845 29458
69294 127122
135786 141305
46017 105127
127977 29069
131302 123124
29458 112599
12319 230716
132303 67025
89495 76325
8406 231020
70047 63009
41097 111575
201196 204460
15312 108713
156407 181848
117595 128474
207813 201196
208260 142963
208290 162429
45371 60352
176658 173107
56838 125796
134828 254062
113644 25795
166011 206516
15727 30685
41733 46735
121860 125783
37611 131108
91875 82687
141698 205879
106060 115748
160377 214011
42935 125831
45371 36598
213205 207344
69471 131229
163153 155276
168039 181438
63129 67817
103364 25795
214211 171012
229661 8885
135661 253805
24234 25407
58811 129511
146078 205059
94452 29458
156407 172394
201196 207785
197711 134828
21117 29069
212374 183883
135360 194851
9104 231388
121223 45371
134828 250328
163039 174290
102433 37611
110060 98947
176479 154198
246046 133405
116524 70713
160340 176463
39666 109582
17728 22595
78053 68325
157972 156407
67026 123124
99681 44598
142352 207835
111183 36492
167023 207344
72459 131229
8885 23665
32778 25407
43151 125112
263490 137431
255819 250789
195688 135661
16486 231020
29916 231860
245990 138818
10718 231020
81441 84249
150292 207945
165283 160377
190071 214443
166259 170998
25795 36240
110354 30685
251803 134809
46735 121590
87058 83023
24808 26608
180277 201196
129452 117881
44378 97170
134661 251803
199234 179461
56848 62719
159539 160340
21028 29069
49434 45145
117108 67197
13734 51879
67197 125398
147557 142352
69294 60544
78435 60401
85042 90333
29128 111575
8916 31057
29069 18146
89426 81294
199959 181507
39154 46017
175261 168705
122878 119797
183394 162429
167314 175225
119649 129452
183988 160340
132769 241625
6838 229791
196721 201459
231860 225994
263075 247484
166011 206403
112047 8674
207344 149522
45371 49216
13734 52899
175261 210036
122777 60298
240089 263075
62886 124471
67942 73132
92020 125783
250789 264117
231860 21720
209530 176286
69294 46766
96987 101564
98709 110312
207344 186789
228362 9104
136288 254035
16995 9104
244663 133644
81147 66551
25795 51797
25444 8905
34947 20738
167282 158046
123124 38801
71792 117557
117595 45368
142196 134828
2966 260264
38270 25407
66099 58532
13734 16166
67942 127422
126529 132303
51711 13734
214443 149655
166221 156502
97170 103196
176479 173610
156124 166011
126125 35727
24224 54352
211312 143544
135608 143291
28828 56547
134828 140669
25094 19725
207344 181324
72102 128897
66551 61558
10710 24808
203435 182805
1322 5254
67817 128126
27182 46735
29192 46735
40885 25685
21934 29069
7061 230377
131076 60602
105066 109582
25094 22411
46017 67980
175225 210011
97292 45371
69050 131229
25997 15975
254778 135661
123124 40911
62886 119758
13734 18459
46735 122966
255865 250789
72027 81111
90074 75954
201920 153853
26790 110312
184377 160377
25407 43553
46097 121575
195046 134877
83023 84758
199959 188608
230132 233560
254885 138818
82835 89495
112047 44557
60298 126433
230132 19620
93362 110312
192110 192847
125831 116410
198165 149104
25407 53420
13041 111183
25959 31789
124599 58532
43515 29069
50771 13734
7550 110058
137431 246881
46017 100489
38620 125783
117046 62053
43000 97057
204858 201196
243406 250789
38806 112448
128543 42809
92770 114502
9104 20176
131613 40910
139359 251803
179461 153765
162092 176286
68756 45371
21764 231860
175576 173461
197629 207344
46735 101001
139962 135786
136425 142352
138859 187544
249936 138433
101999 97170
88223 81773
19824 230132
121445 38806
201192 176286
97057 42615
67942 116381
207344 161753
21015 29224
38806 123076
198971 186859
45371 102625
251318 190680
15748 25997
50280 112047
213303 207344
40226 33753
138818 253024
203718 199959
229791 16589
137431 242116
153853 208290
44703 97057
210538 155276
212374 202135
125112 124349
62719 60577
42998 38806
117595 128770
46017 41238
123124 49299
111183 30920
205054 203435
167008 160340
67179 117595
181438 202643
13734 232825
29267 17012
39361 111504
135661 195065
154261 176479
9691 231020
116795 68325
202034 207344
160340 181656
214443 163434
13734 8458
123124 121217
41949 105770
104691 38806
24808 50770
108413 25407
88407 83023
46017 132530
173461 181940
214443 188043
186523 134414
29458 109250
46017 122697
102033 96987
162687 154371
162145 203435
84249 85639
182681 173461
250245 134828
119567 45308
45019 117595
64010 62856
171632 211107
142352 149072
123567 127903
123124 37148
254035 5439
125112 132380
36032 29069
13734 56572
195705 187400
69294 64764
99681 125397
29337 131229
52870 54739
97170 98947
30685 112518
161936 158057
233274 228391
185272 156407
110295 29069
62633 61456
208104 142572
176479 181740
122880 131229
24566 33785
12319 24217
45371 102334
75731 89287
83023 91890
99681 120421
46735 42646
60298 123417
175261 171609
179394 175261
116743 63671
124421 131613
137431 189687
25795 49312
171012 162858
126907 99681
47438 125783
21818 111575
46017 91993
111575 37151
138433 249631
162233 152653
9429 233301
101680 96720
37611 109850
232609 231020
144568 206292
42449 29069
128496 46735
206993 153897
29069 26030
11515 9104
12319 231956
199959 183668
24808 105232
8905 22774
13063 15312
39752 131862
254379 138859
45234 29069
188044 142352
135661 198403
9104 33908
62719 68038
70961 129452
37453 123124
37751 123331
48435 25407
46735 122264
46017 119955
25407 31152
140874 134414
183770 154371
201905 162429
134828 253628
29458 111976
245416 5464
117926 129452
113944 98947
134828 251416
156502 167071
124396 97170
122553 46017
12624 14607
25981 9104
179162 175261
40676 112047
173461 160545
48720 20760
205768 143544
154371 202049
137431 255955
101680 36541
152160 176286
16924 233301
14227 8905
169896 203435
34687 25094
96987 45134
29069 130199
3433 5254
70384 132303
135786 254588
116386 66316
37611 126295
76313 73442
203569 146770
62856 67815
63009 129213
132303 44799
162959 200624
12624 231725
15258 29458
122674 119797
123124 99289
174548 162429
208719 149104
253178 247742
97057 122644
186759 146770
205773 146770
8885 228496
158046 162679
37611 19011
254035 135670
37751 113479
123174 46017
167964 207344
182857 155276
67942 127975
101680 95852
178504 173461
214111 171391
8905 13168
136268 251803
40885 43704
45315 97170
14225 25795
111128 25795
129050 38806
37611 126435
50707 25094
119567 128858
199959 190745
135661 197506
214443 147292
84249 87165
147653 207833
182079 153853
46735 100233
8437 231020
17049 30767
162429 212927
128122 67328
176479 210281
49201 132303
31980 231020
212374 159093
137431 242494
60228 129452
106527 31057
174695 165872
61023 69294
125783 69810
263075 245367
143544 203551
209006 176286
156837 171632
131229 69582
37751 129599
13118 25997
110783 26006
122874 96987
126125 59948
60213 72102
22842 111575
252936 134828
24808 54906
68325 128050
130713 125112
240935 254035
244547 263075
173420 176479
91622 79399
134828 139975
103814 40885
40239 132303
123124 96646
260384 254035
174885 175225
