27597 55321
168390 201196
61456 76324
56514 25795
174403 171012
53585 68325
116386 45206
134414 205926
231860 25597
138433 141811
29069 11589
129452 41402
40173 24808
138818 186385
153853 204008
117595 48005
29069 11105
31057 12426
97057 47471
143544 190598
126654 62856
127833 97057
158046 214477
157111 173461
256500 137431
27338 67942
99029 110783
138637 143544
179851 201196
101680 20759
14751 231303
14026 229791
109636 131229
111183 37925
130875 25795
113701 55321
10815 111183
26478 54352
46735 117951
164617 143544
55321 26824
19247 53800
9104 35276
77475 37611
173461 170759
176286 140219
93492 111575
21102 229791
17542 233301
97979 46735
230798 25407
29069 10529
201196 157391
30702 25407
130900 50199
160340 181616
115748 93199
38806 97522
228659 25795
101015 78805
37072 24808
154668 144568
175261 196093
162881 142352
38601 25997
109788 231860
13734 33315
97170 38269
158046 209136
231020 35189
134828 258383
51050 111575
107541 29069
178872 173461
62719 73248
67942 65309
48720 124128
155276 195704
130053 97170
29069 121277
29458 230345
185582 173461
59826 97057
228812 111183
117595 43427
152653 201196
58076 58532
22978 231020
104961 29709
113368 12319
94702 29458
188139 143544
114519 31057
130230 70713
71873 100861
102701 15596
42479 25795
204238 154371
194851 169692
102701 38120
202966 135661
250789 196122
51712 14696
190680 207887
231020 12393
33403 8885
24808 7948
129915 25407
147242 137431
26264 131229
185379 157801
105183 13734
46017 112638
46212 25997
111579 130900
124916 29069
200835 153853
134828 203327
150923 137431
12319 52254
78159 71873
15708 55321
239929 132769
48720 109630
9104 106585
48720 123469
46735 58844
62719 130307
137431 143024
46735 67379
77101 123124
146776 201196
12248 228641
53888 13734
134828 245234
111183 10009
127956 62886
200291 137431
25997 232711
45658 69294
97057 39256
78681 64227
231303 13849
125112 77823
46735 111944
56547 40821
100528 67942
153853 204556
134828 204197
231289 13734
17012 53082
98182 115748
138818 205396
46704 67942
209036 134828
173461 154487
45371 20513
37611 11379
112492 13734
26566 8885
34755 29069
98903 29069
201196 146623
190087 137431
251866 190680
95911 129452
231860 31936
154371 205439
111575 98596
102701 125477
137431 146289
14528 38806
134828 247818
148305 134828
23769 54352
18870 54352
151341 155276
37611 109494
138818 256617
203866 137431
102701 43346
199704 175261
84793 87850
177943 176286
26548 132303
6669 24808
4478 253283
97170 128454
173461 167485
201388 135786
102701 105082
117595 62219
37205 102701
263075 248737
9306 25407
38679 25997
13734 6729
29224 22429
201196 174301
132769 199210
73270 67197
240219 251803
56547 18624
124447 96987
132303 100563
102701 33237
106690 9104
25795 42824
56547 9818
75273 81649
131229 104625
93178 112047
29224 15049
53979 25407
131229 110267
9104 111400
42086 6661
140446 137431
56815 29069
131229 36113
9104 27733
111106 24808
186255 212374
97170 110863
69110 38806
33753 230957
25959 32754
12319 107593
68325 48623
13734 229821
34111 29224
29458 36067
46735 70946
25407 9759
138859 258577
94289 96987
45735 25407
75303 60030
123829 62719
252749 1338
100998 62856
155276 205181
243298 241490
29458 8829
49868 24808
7055 102701
24808 47060
204879 154371
84632 81111
20156 48720
32770 229791
131229 63395
111575 113550
90333 79863
27446 9104
199865 160340
111575 23903
131229 99858
16233 55321
228641 107501
102701 27513
130900 59314
21510 46017
14439 102701
131229 116324
176479 169566
50179 132303
164465 160340
69839 46735
129452 53038
74900 90353
148364 137431
100099 131229
96987 131775
97170 119732
29069 33149
83023 87452
39391 97170
62939 73956
45371 73107
29069 70265
158046 200901
67942 48870
141618 201196
146321 153897
45555 111183
13734 230068
44266 132303
103745 31057
81649 79634
42809 93586
154601 201196
164858 176479
77250 83023
176479 210564
189562 143544
87923 82687
30565 13734
72892 46735
24808 47374
104563 125112
117595 44012
33840 46407
112408 46735
199589 155276
125112 93393
55321 13831
151406 176479
192847 115872
29069 35480
29069 35223
104124 9104
203229 158046
130900 76971
46735 17862
47673 12319
119797 42985
98957 46735
130871 117853
107173 34520
98201 112047
180378 173461
199480 176479
251803 238796
98947 92941
153853 140666
137431 144074
12108 230104
155276 145862
117595 72855
41027 12319
25094 233566
17779 45371
120395 96987
111103 102701
115887 107860
142963 215091
26347 55321
40836 12319
48255 119567
43290 33840
185588 176479
107398 25407
24071 38806
100874 102701
180303 154371
173461 153363
154371 203070
49522 97170
165461 173461
170592 185379
33840 106726
64411 117595
13725 54352
231020 13624
196230 132769
214443 139346
58847 96987
56905 86193
161674 175261
46735 112578
231020 13342
29224 8918
102863 132303
102701 33868
37611 24463
67942 46025
78681 70775
142371 250789
52526 105127
32117 38806
201196 153365
102701 111884
107173 15028
29224 123206
97057 129872
31630 37611
171012 194693
166546 149104
188935 251803
25959 35724
76163 82687
77893 75303
97170 119820
204798 137431
257458 138859
124073 112047
29069 113749
162429 196777
229791 24187
198331 134414
48289 62856
20439 132303
33858 102701
13734 38618
153853 142376
29224 9546
257425 138859
23688 110312
245810 135786
39178 131229
34381 54637
21073 102701
153897 197787
29025 129452
102701 123684
111183 44845
108180 102701
158057 206943
31057 191045
71194 78681
111183 46136
233301 23843
37544 129511
37611 34132
131572 25407
102701 35022
25407 102957
93342 25795
55321 23001
255957 1338
154371 180798
67197 39550
107173 15024
64495 78681
99419 112388
39511 102701
153853 149218
46017 66942
110369 8905
254635 263075
48720 110617
176143 171012
77721 97057
47688 25997
65178 81111
102701 107124
130900 63321
99419 129006
102701 48705
14322 46735
79035 97057
25407 106678
199959 172818
202545 156502
62856 121478
89495 75896
170553 173678
50404 131229
43 134828
133162 198057
20515 46017
134828 244777
250789 263856
232200 39445
129452 39672
102701 46330
231860 22211
176479 164330
107773 9104
104825 102701
41791 129452
26167 8885
131229 113377
164189 143544
21100 101680
62856 125743
148796 137431
142963 214804
246046 188307
229791 22582
167767 173461
102701 40623
138859 186663
33084 46735
111218 46017
38806 101798
108141 102701
103927 97170
102701 18540
127063 119567
29224 93436
8885 39920
6865 25094
13734 44835
100556 119797
23078 231020
32878 233751
25407 31468
146639 137431
176479 171738
124347 97170
247068 138818
73382 60298
203073 138859
29069 16933
25959 44827
29069 69868
37611 69731
201196 154740
132303 37287
135786 146173
199423 155276
27155 99419
138433 141137
13544 56547
132578 111183
136482 143544
112361 46017
143544 167601
29458 12597
166653 173461
162419 214443
121422 37611
8336 231303
41444 68325
102850 6661
153853 195122
132769 199169
33840 93347
115748 111286
201196 154758
185800 158046
40654 67942
258380 134828
142352 166860
29069 8735
234501 25997
24566 37751
198909 214443
152719 201196
59420 132303
128571 97170
16890 29069
72779 119567
257507 249139
117595 44310
47533 111575
142352 137347
11584 54352
62856 79299
89287 78962
39907 9104
176479 179616
96987 127572
254035 2273
18708 53800
131229 56984
29458 229951
111629 231860
21819 30685
227532 106678
250789 237370
233301 12072
214443 133099
28291 231860
198700 194851
41512 13734
173461 167742
55321 104424
231020 12443
56761 25407
97057 47504
23870 8905
10731 18543
134828 147797
111575 23750
99419 38646
53272 117595
55667 111183
44226 96987
53113 67942
168970 173461
99681 59181
25407 228847
165272 160340
23406 38806
208429 134877
117595 69759
60298 74452
46735 63013
176479 213342
200139 250789
25407 102407
243107 253283
35795 13734
38996 96987
257267 134828
67942 96946
29224 129275
9791 38806
12624 29339
55321 17506
24808 232307
173461 164701
142572 134567
35865 117595
176479 203416
56547 20476
152962 214443
138859 194934
65643 60602
138859 257536
47462 25959
62719 74866
98947 27192
39659 96987
103720 6661
62856 127369
25795 44576
198971 189523
92537 97057
143544 164031
138818 140147
50522 60602
134828 256614
204577 137431
197294 254035
13734 229268
69900 125112
263075 248130
232328 111183
31116 25407
132303 39300
245333 135786
32655 25997
37630 97170
201459 159763
81108 84406
76313 83004
98714 25407
87850 66646
98833 111183
24808 104290
33135 46735
76313 81815
253032 188417
45895 17012
254035 130
173461 181347
25407 31463
38806 19819
25407 43130
48495 13734
227416 29458
53800 34000
117595 131277
155276 173718
25997 53904
98920 45371
27809 9104
29069 55797
154371 205712
30821 38806
137431 257044
161550 156502
155276 178720
76698 85864
96987 45605
8291 39374
22139 54352
132303 97289
111054 99419
132769 203600
124520 96987
115270 102701
5254 243634
132769 143188
25959 49647
201196 179839
76522 46017
197365 153853
104961 101282
201196 154970
31057 36018
134828 244797
53800 21321
119567 74791
39859 99419
37611 67182
49599 46017
37611 128395
68325 38715
34426 13734
36892 97057
99998 132303
131229 105785
163932 173461
58789 125112
138433 196777
201335 173461
13734 110678
205751 138859
125112 14346
134828 141994
200899 132769
137431 214439
139328 144568
169059 143544
79153 90074
10860 25407
58343 38806
55321 34100
129452 105272
134300 149104
119617 96987
90333 80064
103908 9104
192847 115981
173461 163234
137431 151156
105127 55385
152904 142352
149355 203435
159134 201196
144341 138433
132303 44113
189215 255058
258385 138433
132769 142445
74752 87850
67942 62503
67253 125112
102701 39936
54508 24808
30802 114502
67942 36603
234077 111575
18168 46017
160340 213498
231020 31276
46735 16110
148962 134828
25054 231860
132303 72998
32394 6661
138859 196600
203390 132769
27485 54739
150482 161721
77180 81111
178662 142352
62856 122814
229183 13734
117595 96173
134828 258480
142352 249785
260469 138859
54739 24439
6911 39142
111183 13319
231860 51591
102701 44410
33840 45702
12319 39010
136112 147653
87850 79595
8905 41150
65795 81937
229249 17012
17012 28990
96987 58652
97170 130424
50358 117595
25836 54352
130364 97170
29458 25377
12700 29069
137431 198366
110676 129511
199500 190680
102701 103980
25997 93880
26154 132303
231020 29868
143624 179441
153853 180801
231303 10999
203755 190149
29224 32615
115576 192847
129480 62719
241240 134828
46017 17974
123528 62856
51987 29069
89495 74500
248616 263075
179808 201196
25795 129248
125112 63162
211487 134828
137431 198215
171012 175832
157310 201196
211741 142963
90333 79426
41777 25407
25959 108840
231303 17033
71873 41444
93412 25407
1345 245415
232258 18581
81111 59112
46017 93748
134828 201451
31057 233016
13734 35717
33840 10318
67239 61456
207332 138818
111984 37821
29202 102701
45931 25959
173107 199430
51712 36414
9104 28557
231764 29458
62856 73420
176479 201558
123424 97170
13446 112047
153204 142352
25795 103032
69994 117595
8885 107554
112725 230104
100398 129511
102701 115845
208507 135786
165281 143544
113412 55321
202858 175261
190680 145785
37043 97301
53800 26036
97170 110762
209379 158046
231860 14993
250789 4432
55321 15932
89495 75498
19309 231860
55321 113256
13734 227827
104671 30685
13734 46280
97170 40006
176286 178262
161721 145719
232174 25997
21723 29069
49355 25997
97170 36112
45371 76878
37611 32357
45952 102701
53800 40192
173461 184955
181007 173461
117595 129203
45658 67197
46017 71032
137431 263498
105905 45145
129511 39533
230377 50202
97249 37611
25407 132340
117549 117595
231020 33753
84897 87850
38751 12319
137431 196747
47979 13734
25997 43866
143544 134803
127326 111575
257521 137431
60298 131033
211833 134828
130647 97057
134828 5593
16900 37611
37043 21727
171402 175261
190431 214856
206640 176479
7297 231020
61439 72102
175261 207882
6661 29297
142963 200725
138859 255477
24301 8291
75970 89495
24808 39961
117595 48821
46735 118241
29458 43816
232064 24808
153853 139727
233751 115657
102701 32865
151138 134828
150119 190680
203285 137431
29458 107369
98011 126125
135448 212374
125112 60947
245058 1345
212308 143544
143544 209138
86103 80171
46735 98701
25407 52798
96987 47557
180551 173461
174520 214443
155276 214540
75658 87850
102475 103771
154905 185379
124671 29069
119567 100723
185934 143544
73984 85338
9104 110086
45371 67018
160738 173461
25407 35332
142712 138433
25303 230104
132303 39398
137431 207089
21668 54352
105076 12319
2495 251803
137431 1811
109793 102701
46735 111100
17657 29069
231020 12371
31547 24808
46735 70084
50167 96987
203501 162429
142971 134828
111575 24655
111183 115442
169963 214443
90074 65959
8821 26535
206582 176479
29458 92159
18119 29458
46017 113410
42809 33449
136618 143544
13541 111183
22065 29458
187709 143544
13734 49719
62719 78381
102701 103454
24007 12319
29458 22702
99681 121571
47330 25795
111575 35350
96987 38692
148590 169916
111821 231020
62719 128330
32338 46735
119797 49747
156238 214443
172868 143544
98680 117595
131229 39866
110312 28368
227532 10548
36886 125112
137431 256914
160340 179127
70759 46735
135661 245803
15013 29069
29224 54965
99681 48356
117595 71924
97170 129005
105201 129452
45371 63699
73254 79399
31057 103814
117595 70111
56594 233639
