25795 116048
135037 173107
37611 8920
74555 67942
227922 102701
96987 58200
173461 171682
227820 46735
127235 54352
62856 41559
54352 131092
199594 254035
170474 138859
201241 250789
129452 107692
192847 30841
228803 56547
177561 142352
240296 1338
209159 250789
21903 98479
55321 105671
153853 150482
192847 93664
122291 25407
137431 179095
56547 231994
29362 14338
159866 185379
54739 26490
258293 250789
66551 86931
45371 32931
72854 29362
249880 161721
188845 154512
250549 262054
50897 231860
83023 74659
99211 62856
131602 10315
109812 55321
12319 46577
25997 130398
44424 54352
8905 130389
55787 101680
153853 143285
110087 231020
155276 149126
38806 9465
47026 12624
46735 15464
24642 228641
16662 46735
103468 60360
70871 25795
131229 52375
15469 54352
62886 45919
1345 134443
29224 97025
111504 130136
229079 233751
63303 46735
55321 27239
75303 72962
212849 137431
22875 117595
229648 46735
136523 1338
192847 94545
79253 67000
227463 55321
181721 138859
117595 116048
116335 13734
62124 83023
50013 114502
76843 81649
137658 153853
50952 32287
250789 147535
173796 250160
24195 102701
254035 203973
80353 117595
55321 50007
138859 3184
67942 36710
142963 259886
56547 30183
166650 137431
82687 64942
13734 103159
46735 232275
39518 231020
156502 197275
40907 29458
231020 52060
55321 15450
55918 102701
137480 183868
225166 13734
137431 159268
233751 43564
233145 115748
49840 67197
168000 137431
230104 193795
2966 132807
153853 150710
54352 45519
62856 84848
62437 81649
117595 108003
132769 207792
232830 53800
61425 81111
51331 6911
93446 114502
51734 231020
33840 50928
135786 153026
50952 38703
102701 227056
50200 63009
59644 39536
57929 82687
67942 74089
9824 114502
207063 254035
250789 263054
125112 108459
43065 52585
212374 133728
9906 37611
20072 94806
13734 47204
24437 45371
97057 76681
70280 12319
62856 37270
54352 10807
137462 176479
25407 117845
106611 13734
172343 147653
192847 92934
53800 104230
55722 231020
54352 112487
164304 250789
130871 31657
82687 58025
137431 159330
56838 26302
231020 102849
14508 54352
106348 62979
12624 102013
37611 60564
140158 243475
228052 101680
56547 8506
129452 112207
130558 24808
36195 8905
125831 51281
233751 19019
131229 12982
80034 67636
13111 129452
130900 9344
175261 146733
24808 97401
230169 114502
230777 102701
231303 113604
54739 103692
128122 12955
186501 176479
102961 46735
64614 83023
117595 25569
111288 129511
250789 169189
109108 54352
9694 54739
179678 134925
55321 106875
131229 99111
241834 214443
80888 62886
169951 137431
68325 8704
6911 128922
116743 38621
55811 130900
101419 73956
46735 7375
7191 102701
105246 119797
29122 62886
38774 231020
157249 142963
22751 231303
76813 87850
129452 56058
162367 149104
144568 173562
205479 254035
153853 137157
27120 62886
144390 176479
38120 8885
128233 13734
215050 176479
115748 53545
195013 176479
158057 148269
140185 173796
52724 231303
111183 114628
97423 20738
8905 45808
157216 142352
54352 8707
184840 135786
56547 229125
95831 62856
138859 6507
33840 226316
21527 45371
112292 192847
24572 129511
188082 263075
190680 181040
92469 8885
102701 68919
72596 13734
232643 38806
34015 37611
114502 105299
144815 253032
129030 55321
117469 38806
176479 140874
147653 248457
229175 54352
129511 62511
32746 53800
242769 137431
1338 134388
233751 20803
55321 111766
134867 263075
78057 89495
55321 110349
111183 54540
37611 92172
125381 24808
246144 142352
138859 150351
169374 173461
56992 90074
56547 123631
62979 40134
2221 138859
173107 140809
53012 231020
124521 25407
14175 102701
29224 72740
141924 175261
212374 135669
125334 56547
23500 231020
117917 24808
68325 26936
46735 229008
231497 53800
117595 98051
32540 55321
149437 175261
24808 123573
46017 31063
56547 44903
263075 135261
130654 8905
103052 56547
116386 20392
176479 140354
231020 51808
34224 29224
176479 147023
62886 104239
102701 52861
142352 259870
46017 31569
48720 29830
55321 129580
36795 54739
66551 131204
239991 138818
138859 214471
24808 102638
10096 46735
232869 54352
97059 25407
1738 237627
129452 12517
229251 55321
117595 40492
53943 231020
27154 230104
203348 251803
113667 117595
113579 37611
55321 46647
54352 7739
176479 147133
102701 229375
1338 139219
62856 39018
138047 173107
104619 231020
115748 13995
230326 55321
62719 80644
120604 76313
92346 192847
231303 109229
66897 102701
190162 156502
233751 34988
54352 228178
25997 69123
86193 60814
138818 239493
231047 102701
67406 29224
166286 137431
75303 82374
55321 101611
136376 243189
26751 231303
251803 3476
62053 77479
114502 44064
175261 188086
102746 25795
97057 113465
169018 250789
46735 233544
106940 125831
125112 55034
2228 243475
89495 117102
83023 65571
156502 188399
24808 123018
1338 248554
45145 55196
176479 195022
109171 68325
57764 82687
32340 54352
140221 251803
8905 44434
62886 96443
59947 81111
137431 3543
76313 56984
231020 109089
116298 48720
13734 130055
75303 70326
194851 176218
212374 133531
80905 62886
31767 54352
127164 55321
17012 120396
186604 153853
107298 231020
126199 12319
262941 243475
99769 13734
251803 238384
125831 7967
100894 62053
54739 11220
192847 106948
92329 12319
126125 21323
176479 188744
9104 56637
242504 214443
2286 243189
100018 230723
33106 54352
8885 48089
233751 38039
43480 233751
194851 186047
8244 54447
127992 53800
73956 120474
186718 158057
137431 167594
72800 76313
153853 137711
243298 186764
169831 138859
198455 260370
56838 67945
142352 257445
97379 33840
110729 56838
123337 76313
206917 251803
24808 127416
29458 231486
101278 25407
97067 13734
81649 58636
31057 193679
99831 62856
55335 102701
92705 46017
125671 73472
129452 111781
102701 129419
175261 135362
90372 66330
25795 100884
53437 8905
46735 113579
114502 10023
31344 129452
34371 101680
99539 55321
135786 170113
129452 66402
150060 173107
116386 93483
189215 239541
137431 166770
153536 138859
233751 8186
106076 231020
21689 46017
125880 102701
195029 243298
153853 149387
54352 44993
63009 103742
135693 185379
71407 97057
66551 123328
114559 102701
136889 158057
182184 194851
123493 111575
114080 112047
55321 9056
23025 231303
67197 74998
142963 240378
246624 194851
81710 75303
61456 35967
136120 173796
46320 62856
153853 135499
122383 17050
136922 179441
139164 212374
102560 131229
125112 30829
194558 155276
13734 126470
8102 38806
50057 231020
62719 39564
49066 55321
53800 231992
67197 107812
43547 56547
85864 61851
231020 92272
102701 117603
139078 179441
137431 159950
62856 35674
79487 67515
42456 61456
12319 50555
113758 231860
234264 13734
175000 136692
3744 237627
29224 96674
231303 27692
25407 97458
250789 203929
55321 39350
173461 196624
231020 93444
87850 77612
130900 25224
249784 161721
137527 262054
13838 102701
54352 16068
67197 43959
10660 38806
192847 92615
32741 45371
55321 229054
98674 60602
138367 284
115887 100406
254035 142451
97156 24808
82687 60442
62856 36382
138818 2141
74885 87850
131176 13734
110131 192847
53800 229613
132790 263075
29224 117912
8905 99394
32698 55321
168522 143544
25407 60818
139685 176479
75384 63009
9104 41339
149104 159766
62886 37867
46735 232317
127857 78681
20729 97057
62719 37370
115976 25795
101356 111575
16831 46735
251803 144544
87013 61456
9044 102701
135786 171950
148244 183389
102701 118048
214537 254035
153897 187949
9288 55321
113782 231303
111484 117595
54352 9757
55321 33675
240331 284
53800 7599
152500 138859
26454 117595
83023 66337
188007 169806
172299 142352
101680 59748
9497 102701
230723 94337
79336 62856
117595 32578
25795 226910
61109 85864
99463 33840
128962 8905
134828 4952
137431 174659
55655 8244
117595 92662
75303 70024
23186 102701
62856 96473
197585 175820
185711 214443
141400 254035
12733 46735
129452 23202
32746 192847
179678 160062
30511 130900
176479 147487
234274 102701
62657 83023
232722 56547
30291 46735
45371 12199
54612 231860
25407 76993
29458 56823
51612 101680
29379 71873
64534 89495
138859 2595
241238 1338
25094 127941
37433 8885
135786 165540
68325 94879
121186 12319
115887 234995
12624 101843
102701 59696
93582 67000
60794 97057
171132 137431
66117 84930
103089 62856
113432 114502
24944 233751
112047 95934
29224 34117
136542 1345
108016 129511
113204 129511
32310 121575
142963 139330
113125 60602
194851 254003
108952 231020
184057 138859
192847 102450
25407 124537
257170 190680
134414 243900
102701 129285
33840 100422
9078 56547
231020 112879
123119 8291
131628 52585
101217 13734
1060 237627
62719 90853
18592 231020
130900 23628
212522 190680
54739 38816
54352 36230
149253 171012
38806 50842
25795 67604
41138 231020
142352 182111
54352 228099
97253 66551
117595 34409
35769 51409
43868 225081
150230 250789
97344 62886
232708 55321
96120 114502
6158 137431
72167 25407
52484 231860
192847 111723
226891 38806
114502 94594
129452 112925
48056 29458
55321 49862
1338 138915
129511 33260
125112 55211
138859 208074
25795 99715
85864 74370
38806 228212
59331 29362
90268 62719
200793 250789
130973 52585
137431 208798
125112 65474
92028 112047
185379 147470
46017 15960
251632 1345
30298 192847
231020 28050
104021 117595
251803 206143
137854 175225
22579 102701
104005 62856
138859 164375
13734 49601
87850 58536
13479 102701
37611 113856
262054 252033
175261 148174
55321 9253
38866 62886
102701 129593
109278 55321
55321 109032
101680 124635
56990 84249
56547 47174
102701 120462
178286 161721
63087 25407
23021 233751
112047 131558
43741 55321
50777 129452
97567 131229
10228 101680
143237 254035
129511 103389
66236 125831
63009 80365
111984 231664
227532 37571
116325 234123
231860 43553
46735 56537
102701 121202
131406 61456
46735 8865
182761 190680
55321 7573
108578 131229
132769 214005
149604 250789
135786 239495
101015 35388
59697 88558
114502 22983
54012 6911
99435 29458
113008 233751
254856 214443
39262 230003
13734 96303
42857 62886
137431 1129
102741 13734
138544 153853
136053 161721
60444 102701
249512 259754
1338 254894
137431 153963
13424 129511
37762 10315
27801 231303
250789 147143
125112 15841
42658 8885
180197 250789
112132 53800
54352 234501
46735 229950
68325 74825
233751 36501
227420 46735
129782 55321
122300 75303
173461 171923
175261 137431
59804 101680
28863 115887
131108 8885
115887 234210
63009 109914
37548 34493
65128 82687
31057 98185
254035 148615
13734 124026
251803 198584
130271 111183
34626 46735
40922 60298
99114 233751
119797 80083
233751 110945
75303 70497
138859 168208
148052 176479
54352 43478
234179 125112
68325 74265
173461 211731
20349 117595
38231 62856
251803 4083
135786 210249
13734 92995
25795 122874
55560 129452
117595 15522
189907 247742
55321 129894
254035 5900
53800 127865
128056 12624
68325 75236
12319 100979
94905 17012
175261 145035
101680 128554
54352 41268
53800 228504
25094 229035
46735 63138
117595 105833
125831 52858
101680 77613
60957 83023
234495 55321
61456 40785
7405 125112
105621 231020
20018 116386
36455 233751
53800 103351
129052 78681
102701 22006
209896 138818
71217 97057
74884 81649
24808 229045
230723 55919
24808 99879
119797 84867
102701 9736
231758 38806
115134 111575
15754 54352
53800 42134
68669 25997
93214 192847
137431 156949
13734 97162
59661 87850
250789 206704
173678 141560
142352 245415
163260 135128
13734 131247
114502 25845
149580 153897
135786 174586
135786 184298
231148 25407
35123 233751
102701 130928
94617 227532
79487 124603
142963 245419
129452 108846
126612 12624
169272 138859
148351 251803
251803 203547
228375 102701
230723 54623
137431 161722
164740 137431
192847 93240
138859 167125
227950 53800
53800 48466
133144 175261
251803 150752
227532 24411
102901 17012
83023 65018
57217 85338
32175 54352
24808 129680
254035 200113
179441 136460
46735 66413
81111 132387
43960 53800
147740 176479
210393 138859
129452 16430
67942 66714
138859 149136
13734 36669
137431 169739
69405 66551
254035 208691
147046 155276
36872 62719
134221 173107
108728 228548
43675 227010
181421 190680
138859 212139
107716 56547
233301 48297
148158 155276
13734 124054
112047 62922
263075 136243
55203 227532
27043 231860
251803 141288
136041 156502
114502 7213
142352 173392
229582 46735
179441 136537
169393 173461
106162 10315
48611 231020
234088 46735
138859 204739
129452 28547
18133 125112
24808 127579
18707 231020
259303 138859
63548 86069
25795 101596
123423 25997
54739 25467
102701 55975
30041 38806
64491 25795
62719 40005
117595 90889
62581 81108
173461 200754
138859 207788
129452 7418
30620 54352
190680 152927
161242 137431
129452 57867
37611 59784
102701 116847
212852 137431
126847 56547
42509 67000
102701 9849
54352 109489
33630 67197
40460 231860
116065 24808
119797 43994
16531 101680
48693 10315
39577 67942
250789 183740
6977 46735
85338 57593
57632 60298
55321 31557
55321 8996
25407 68085
58070 83781
151135 153897
173461 197038
102701 55876
54739 53256
122867 6911
13734 99600
68089 25407
139817 175261
63156 81111
105863 24808
48720 7049
154512 149948
12319 92477
83023 62864
138859 242668
130400 25997
109861 63009
102701 132016
14682 45371
56547 232167
208661 251803
231303 37612
231020 36290
186970 257202
131229 65131
1338 189512
231860 29042
