231020 128891
91515 45748
237627 147218
123652 81937
176479 248463
30072 68325
230603 194419
21704 192847
77804 81111
48255 233751
2966 205848
46582 81294
130535 233301
19476 68325
93879 54352
140724 1999
81601 130161
1620 209141
67864 54352
243189 210209
67721 84249
57206 107679
194790 263075
97262 192847
209994 262054
119827 55321
206247 237627
115887 72257
54352 59382
191298 231303
231020 126033
123320 54352
173678 254737
46507 83023
43332 83023
58413 8905
124718 84249
252672 161721
45109 233301
253006 175261
175225 242947
68106 90074
237627 164368
82687 62805
73231 25795
113034 66551
45783 90074
132624 156502
91515 126753
130456 192847
34473 68070
90333 77686
243298 181639
78681 97269
257814 250789
35548 75303
66371 50952
100033 81649
117595 51746
204143 263075
203210 2966
8905 69538
210516 284
127627 84504
201459 241093
148748 263075
258155 262054
78820 13734
1338 208675
81601 128192
129384 90074
257202 149431
79735 125112
86193 47305
87850 43038
175261 137343
68325 92545
83023 128514
243475 167712
143183 243298
263075 148118
240909 163039
89495 123130
237627 167583
132385 55321
171012 243600
262054 209835
81937 96867
24808 62358
208116 262054
117595 88264
93516 231303
243189 147717
119965 90353
178705 2966
155276 258420
81937 120357
70870 81649
80034 110541
99871 91515
35560 192847
83023 132310
173107 245804
68325 95049
80034 125683
231020 59114
81649 102837
46171 231020
117811 13734
84504 126926
195740 237627
72441 90353
129259 233751
129511 228645
66551 29202
120662 192847
192847 45789
87850 71948
116905 86103
65714 25795
125112 114047
192847 100941
90074 44080
120523 85864
67210 55321
254795 155276
231303 130423
243298 149656
22470 194419
83023 69896
284 207309
122362 8905
84930 71280
53800 95574
67197 10192
211242 2966
256375 176479
230723 121201
1338 210736
54352 59625
56843 83023
25345 194419
192847 28304
56953 46735
114978 10315
130791 86193
140118 262054
78681 98396
81649 69900
91515 125009
81649 131781
122998 192847
237627 210964
192847 48173
263075 144245
55321 124249
63217 54352
61053 17050
55321 68232
129590 231020
2966 190728
90978 117811
123563 55321
262872 189348
231303 47978
132930 158057
196623 1338
17012 61746
13734 62877
131468 231303
233301 130615
83023 42246
193869 231020
98365 231020
38620 87850
14146 61166
194419 39717
101260 80034
78681 103522
86069 68779
81111 44042
230329 119213
48156 90978
231020 69113
115887 71017
121290 89287
84930 96600
70921 87850
176479 133766
81111 41668
127338 119213
55321 70251
83781 68324
78681 42559
146452 257202
37190 90074
89365 99627
176479 251731
146155 1338
165339 237627
46735 91089
242442 155276
8905 58531
76533 8905
81937 47442
1999 209878
56547 114738
53800 97458
124615 90372
233751 120504
71932 90978
84504 120789
145259 237627
85864 67331
91515 70750
1338 204088
115248 117595
81111 37902
250789 182177
47247 84930
80133 125112
110309 194419
120352 81111
67197 51055
85864 58729
115072 50952
114238 230003
77642 55321
54352 231236
41696 81937
80034 131851
85864 46807
255588 175261
39536 80140
80034 96166
123795 88223
54352 71922
107679 57987
116594 84249
85338 70719
85864 122620
43362 85864
71901 231303
96736 8905
233301 128371
119645 192847
22272 116386
90074 68599
1338 140577
84504 76019
54352 126475
257202 213468
146397 237627
76313 48376
2966 197823
146571 257202
85864 120292
129495 83023
121000 85864
77731 234330
65022 105127
13 264016
257202 211850
88558 117849
129998 84504
194203 8905
176479 242184
121767 192847
192847 227270
90333 117636
248841 155276
84930 129452
76313 48846
186125 243189
91515 43109
230104 125173
60140 90958
249684 175225
64754 231303
90074 125552
2966 161299
1345 236241
117595 6737
67197 89545
104387 192847
15335 67197
253284 155276
227445 192847
101151 83023
117713 54352
242722 201459
85338 67115
84504 121060
231303 128204
32289 68325
68351 231020
2966 214354
49426 76313
66551 98047
127376 80922
176479 251853
184199 1620
35697 84930
192847 21467
56547 66076
119213 99445
147603 1345
119213 39735
90372 69587
30721 67197
252650 173678
83023 130208
46735 88008
263075 201412
76313 103056
65557 56547
257202 211263
78447 86103
243298 199982
250789 181946
26305 194419
42084 75303
48351 87850
69923 85338
89495 120353
81649 101419
1338 146322
155276 254833
47202 192847
200037 262054
171012 5017
70635 234330
107679 60757
234123 96710
126816 233301
97830 53800
121674 89365
83023 68516
230104 68687
75191 117595
25407 77147
118051 86103
128388 8905
101387 81649
237627 190326
123807 86103
92012 55321
69539 53800
231020 128885
139510 262872
85338 123970
48465 87850
116568 82687
89495 71999
95043 54352
10908 67197
13734 71666
231020 76968
71029 85839
130220 83023
102867 66551
123979 85864
117595 87329
102025 62886
58865 24808
118446 89287
192847 122612
119145 39536
81111 113613
63009 16351
251519 175261
72130 55321
121663 12319
192510 231303
160377 249069
119235 8905
128879 53800
231303 77791
211274 1338
29303 81111
2966 151933
74066 25795
192847 7722
177731 137431
18918 192847
116869 55321
117046 17012
147446 257202
85338 42650
44243 81294
67197 51472
115887 64775
167265 1345
46834 81294
97406 55321
90958 48969
90074 46908
106033 129511
1338 148418
81601 100637
98855 54352
124032 231020
194419 11538
230104 192715
1999 205912
86069 66836
83023 128076
117697 56547
70569 86193
47710 76313
97949 53800
81649 72126
129452 34176
46735 85397
194419 10427
87850 47051
75303 36293
12319 124347
45719 81937
59612 55321
234330 44268
80034 104016
123655 89495
175261 240734
115887 120427
119667 81937
249308 175261
112340 194419
116575 24808
118411 56547
249615 173678
18120 119213
45391 234330
81111 47127
230003 60074
50557 233751
8905 123908
5678 154512
169442 243189
129452 91515
1345 181474
259544 155276
90333 120703
206011 263075
50333 233301
79444 125112
87850 49405
153897 253812
50130 194419
62719 93496
89277 129511
248366 175000
124123 230003
203449 243298
231303 50820
80901 117595
76313 45024
210019 263075
17465 79980
85864 48375
54352 59482
41649 85338
68088 8905
72998 85338
117595 9543
124339 88558
44764 86193
73254 6911
84249 120307
198001 1345
60975 17012
138135 156502
127751 230003
81649 45060
154512 247555
194419 29932
209668 1338
13734 117080
87850 47291
60523 86193
58251 56547
67439 6911
90978 123666
72000 84930
170900 243475
116791 50952
95975 50952
199167 1345
94390 55321
43946 81601
85864 60124
212652 243189
80034 98744
191987 13734
243189 160146
254781 175000
159463 250789
87850 128837
231303 118279
63009 23669
64050 82687
77896 84687
173107 241786
1338 205276
61042 8244
66925 82687
116770 81937
5294 163260
231020 125357
262054 206585
50952 120576
59070 55321
179442 262054
231303 58485
90333 47523
1620 152099
132156 84504
69770 231020
86103 67174
45189 85864
192847 235214
195789 263075
99613 192847
84504 62598
36126 81111
90372 120226
176479 249591
192847 28613
87850 130500
68232 115887
175000 138419
24808 62438
121720 231020
160314 1338
43331 81111
231303 50322
125760 230104
122044 83781
146816 1338
126288 81649
231303 48449
153897 250085
243613 163260
59983 90074
182480 243189
125831 81390
54352 97776
120966 192847
80034 105029
121227 81294
119213 132563
263075 142037
120296 83023
11857 192847
192847 56365
90333 120649
192847 125533
121756 8905
194419 34704
103081 84249
66551 28320
211899 237627
72516 231020
59660 231303
146720 257202
115449 55321
76313 44527
47209 83023
155276 255366
84930 53216
263075 168940
234330 129787
50952 76026
155276 258282
117595 10572
68325 90223
75303 44097
199101 1338
62285 24808
101605 234330
119825 231020
55321 192741
53800 69082
237627 176443
28984 63009
47484 87850
250789 153356
55321 122027
117977 14146
243189 152759
84930 67219
23101 192847
231020 44379
262054 6379
122761 194419
81937 122696
129068 89495
24808 118225
89495 131906
85338 117784
81649 121280
194419 14606
39615 81111
192847 105838
231303 44845
101775 231303
130003 234330
243475 155384
1345 203301
129511 29995
100607 54352
124027 81649
70373 86775
106499 55321
89495 125668
79002 125112
96954 81111
50952 70398
58029 17050
43395 85338
237627 141127
81649 45272
36566 83023
72292 81649
231303 68882
63009 9529
192847 229959
89495 72994
248875 160377
124197 81649
91515 71578
126878 81649
68275 234330
175000 133950
155276 5355
2966 183512
13 199024
1620 140945
140491 2966
100239 83023
97157 81937
194419 232410
1999 140381
263075 183536
53546 81601
129511 225305
67166 230104
120193 56547
119213 47308
122213 55321
82687 129975
39536 57574
107906 63009
81649 46137
230003 59757
117595 13130
123595 233301
141778 1999
89287 100486
87850 72849
201459 259583
84504 60229
89495 121040
155276 250689
81294 100636
25419 192847
60293 84687
155276 247347
121542 81294
116939 84249
119213 33957
119213 38794
192847 34580
231277 54352
150978 243189
166529 1345
83023 99711
33341 192847
178740 243298
90958 41444
54081 231303
136776 160377
47994 84249
153853 254736
85338 49421
86193 131946
123097 85338
6911 117621
99948 86193
17050 66547
43091 83023
44412 81649
114093 46735
1338 238936
83023 48715
115887 70212
263941 175225
1999 209480
17012 191437
56446 125112
106877 68325
89365 131144
2966 150753
77684 13734
87850 127201
1345 144243
118106 88558
67616 85864
231020 50336
116547 84249
192847 127777
229099 125831
243308 201459
24808 57096
263075 167657
54352 101331
81111 27094
91969 234330
89365 41265
42845 81937
42493 194419
124007 90333
119821 233301
262872 238960
203921 243298
50952 66625
262054 186520
153897 249548
68464 85338
78681 39926
72087 90958
207991 1338
139672 262054
81111 39104
43879 89365
17012 191412
68895 81649
87850 123221
231020 95985
127850 119213
231020 54044
38884 90074
263075 197070
191663 25407
58640 90958
82687 129512
149529 1338
186783 262054
14146 119632
90074 45822
211804 1345
229575 125831
250424 158057
243189 214461
189721 263075
1338 200124
11789 62979
89495 72906
82687 45294
243298 148317
37057 87850
125472 54352
230104 123021
231303 60370
8244 119093
90074 122717
70671 85864
84249 50339
42980 192847
65641 13734
78492 17050
146202 1338
130416 83023
116386 15711
263075 213739
1338 200018
132403 192847
153897 252541
90978 62896
66551 41483
141746 1345
122034 91515
81108 45359
264052 173678
163260 241237
24495 63009
241878 171012
122136 76242
250067 155276
6686 129452
25367 78681
175261 138737
88558 124947
100917 89287
682 142352
130176 81111
37813 81937
116675 8244
129480 53800
232345 125831
120114 81937
142039 243189
117595 51524
261624 176479
192847 25520
45580 81937
54352 95836
81601 99943
84930 101030
202791 243298
105633 125112
47287 231020
102262 14146
198565 1620
115887 54478
194419 226865
123309 233301
43442 83023
67268 89495
30433 121575
130321 84249
66551 53236
81111 47700
53800 120913
28130 194419
149398 263075
163039 241697
24808 193509
116822 8905
250574 175000
162670 243298
55388 192847
244399 171012
116515 86193
133613 153897
84687 130093
87850 123906
154512 248445
116334 56547
1338 205062
123510 192847
117595 24159
41804 75303
119213 23072
245987 173678
130619 76313
67111 233751
55321 107191
117804 82687
45380 90333
117957 233301
192847 7987
161721 253056
162061 243475
121826 89287
83023 99473
85864 40757
243475 163203
69168 54352
230104 59737
85864 101335
230003 70221
192847 12324
244435 175225
2966 195399
171012 249693
234330 43476
231303 53636
125112 232732
150229 263075
91591 68070
76313 38713
70189 85338
90372 58282
55321 124374
233751 51469
67197 80651
21180 194419
73956 49366
60239 13734
42287 234330
237627 167229
180462 243189
89365 97081
175261 249438
6379 142352
70181 85864
24808 60278
243298 169463
165463 1345
171672 237627
62412 39536
49019 81111
243475 168460
116532 233751
88558 43089
1338 150312
131113 89365
179462 1345
228763 192847
44896 76313
122045 90333
246789 176479
233751 127162
71570 230104
113638 66551
45673 90074
77798 86193
96809 66551
119213 67853
120715 81649
124406 85864
83023 68221
46735 88370
62384 56547
78681 105830
160377 251325
54352 71036
46735 119315
243475 181134
155628 250789
86069 117960
230104 132305
59860 192847
59677 8905
107627 194419
194419 126076
6911 60647
111666 80034
5134 163039
89495 123569
82687 120610
59253 55321
73131 81111
144269 1345
129444 81111
78681 26664
210838 263075
122787 91515
22511 192847
245601 171012
86193 66915
30098 129452
118158 54352
116014 53800
50281 89287
91336 68325
234330 64620
251025 160377
190057 237627
55321 102648
262872 3294
12764 67197
164905 263075
68070 116226
107025 117595
192790 55321
121705 87850
130871 91515
70273 84249
90333 40905
119213 52482
9157 62979
117931 84249
62922 230104
121069 81111
117615 83023
184888 243298
129588 83023
59842 84504
230104 96214
45381 233751
119213 46806
72327 87850
98179 53800
61826 8244
46735 89819
233751 123810
89287 119700
81649 66881
263075 204100
213099 243189
79845 125112
84504 58581
120302 90372
237627 166302
203082 284
58390 115887
97196 78681
176479 247972
13734 118962
65471 24808
231020 124154
88558 104204
72115 82687
2752 163260
144007 243298
176479 252454
85864 77665
194419 122199
