955131 957629
218736 218423
73259 72933
113955 100727
959425 949271
325873 325018
608674 611076
218423 238627
621225 629041
567933 567746
85683 104324
806012 806144
624802 624609
837224 836963
715813 733246
116528 82185
120756 96692
738647 725315
806012 805790
626449 600125
581763 581932
672257 670514
348457 348082
96315 96462
829768 806012
625120 625226
725534 738647
102530 102290
847465 847378
572011 571941
582811 591289
75748 85315
600504 599668
723297 722707
578548 579026
600930 600910
101619 101607
218423 211356
773124 767918
591345 566662
110712 110823
722384 721037
583707 584114
631142 626816
85175 85315
105004 104568
115096 84208
630795 602323
612535 612748
897751 897745
455480 455591
96444 96462
356025 355279
298623 298241
628152 598229
356266 356025
613818 614609
568116 567985
504284 506826
101619 93947
613793 613633
600930 599935
581296 590454
461591 460646
628152 628620
578030 577989
625237 625120
721939 718634
570054 569297
667231 667415
576402 576665
93662 93045
584136 584582
576346 576516
104863 105277
596725 597244
670514 672248
85315 114176
631843 597023
584596 583707
614609 613986
576346 576734
806012 805931
578229 579011
600650 600930
506624 506826
97551 97599
673267 673215
600930 599909
601488 598188
680055 680013
85683 104320
601697 631843
850491 850542
75652 75298
85033 85070
723317 726885
614609 614732
578512 578548
96692 95893
600629 600504
743568 743424
714723 730110
154405 154528
631843 602578
75680 75717
611876 603978
424355 419549
623986 625120
100037 100670
97599 97273
628354 626449
104652 104498
100683 97599
592920 592267
811442 802056
697333 694850
602121 617552
583890 584136
571853 572011
506826 507135
628152 600013
954947 955106
597244 597308
590499 581296
105914 106467
419226 419549
105004 104811
629536 594298
567318 567060
455295 455261
631843 628560
599941 602848
576346 577329
89829 114715
100680 100037
610561 623698
583606 584770
75680 75070
600504 600518
620478 620210
603138 595974
628874 601682
613633 614019
627456 603803
109117 121285
572711 570971
460646 460635
670487 670514
600930 627407
777393 777424
608142 608279
628288 629041
105914 106530
95632 124394
566773 591345
830427 796061
775931 779031
79921 78797
614727 614609
97599 97493
600930 600412
610281 609681
603138 603527
84208 84843
801490 802056
104499 104652
543885 542924
819814 819933
777460 777393
75487 75680
959143 952336
610281 610269
610561 609383
114715 81657
576346 577318
600930 599594
608369 626816
722372 722384
584136 584404
600504 600521
348457 348028
601583 597024
583707 584576
614711 614871
583917 583707
600907 600930
576346 577766
83300 76713
717058 717016
446283 446441
96462 96129
577830 577907
570054 570329
455311 455261
584611 583707
602323 628322
571026 572711
108896 109117
628442 602323
584232 584136
567985 609150
583707 584185
614609 613724
421373 421447
114807 78879
97525 97599
499369 499332
419549 419485
944394 944153
716406 717058
600930 600154
681311 679474
700378 700350
806012 805940
581296 588934
678612 700378
324229 324282
600036 600930
667259 667415
667415 667229
420600 421308
566614 591345
298241 304266
598188 601544
567985 610298
75506 75680
577830 577872
946602 946649
100727 100118
566751 567060
218423 216546
678570 700378
599572 600504
614711 614713
676008 676605
583707 584574
79027 78879
96332 96462
628874 628707
613633 614006
583379 583707
576300 576665
124394 87972
830399 806012
325873 325179
583467 583680
895456 895353
602848 601071
728696 728503
626816 608392
725540 738647
957570 957007
100727 113272
687415 687327
738647 725638
84208 84210
629041 621183
96962 96692
584136 583996
958966 953407
106548 106104
89475 89602
589154 106548
78984 78879
87313 85033
583467 583678
592323 592920
84078 76713
611876 604324
628056 611876
567060 566555
454421 455261
591674 591289
578866 578548
597244 597357
370738 372526
723317 723373
605805 606244
613342 613633
610561 610329
94541 107436
717058 734707
598180 629092
75298 108001
614711 615002
13899 13697
784847 773124
611876 603960
777393 777031
97599 99469
947009 958966
97553 97599
84220 84208
697333 699918
603138 603155
591090 578229
298241 298313
898181 897745
895507 895456
578863 578548
836963 835631
627327 600504
119268 76623
348259 348457
577397 577989
626449 595407
592361 592920
628287 629041
721126 721030
370737 372526
124394 87977
457780 457952
583707 583654
570054 569319
607528 627456
118284 103943
614994 614711
96462 96536
608373 626816
777393 777569
819933 820469
895456 895076
507112 506826
100783 100727
612748 612674
348457 354361
567060 567304
420612 421308
629092 599521
713546 714171
598411 626449
56150 56196
114715 89842
56196 56147
721030 721056
120614 102530
356025 355207
679474 679506
717101 717058
670514 695318
601724 631843
598188 606305
119268 90449
577759 577830
618290 618334
424447 421373
114224 89475
335896 372526
81634 114715
93823 93662
583467 583690
597334 597244
85389 85367
581439 567442
847465 847221
601024 600930
959143 956783
897745 897849
613633 613670
578181 578229
577763 576665
13697 13613
570054 570103
629853 600930
117753 78797
115131 116528
422744 422788
611876 628057
629092 625958
776090 775931
570054 570192
614711 614093
13697 13588
850467 850542
577731 577989
603138 603201
591345 565576
722384 722436
606534 606647
738944 716513
455261 455180
570054 570254
77901 77813
951472 957007
112289 85315
119716 115047
806012 830044
102404 102530
577939 576864
624635 606679
626816 608079
348747 348457
583264 583467
582352 592920
329651 325873
570697 572711
738191 722384
106326 105914
567060 567204
372526 370705
85693 85683
591091 578229
603138 603003
623611 611876
106263 106548
863543 850542
603359 603138
100035 100037
421282 421308
78879 116269
820231 819933
105914 106494
93052 93662
722384 722062
568098 567985
457914 457952
614711 614690
674154 680013
566167 591345
354383 348457
96549 96462
96462 96550
631843 627582
566659 591345
721030 730719
78797 78307
576665 576650
776167 775931
455261 455052
751831 751805
585582 589038
820057 819933
102530 114924
601646 601522
578548 578798
949501 958966
101608 101619
572711 571013
83490 76713
591334 592284
602848 603669
591345 566271
583245 583467
75298 107905
597024 602725
806012 806162
819933 816944
679474 679460
576185 576665
216973 218423
85000 85033
100657 100037
591289 592237
576864 577911
13697 13912
567985 567695
608279 608144
592508 591289
602848 603018
455366 455261
626816 608404
460201 460646
722384 722046
733219 716513
55996 56196
614594 614711
806012 806182
626449 598425
626449 627334
154528 149714
422744 422757
113813 75680
325873 325138
599533 600504
114177 85315
955335 955131
726042 721030
600176 600930
565139 591334
123452 104652
325128 325873
577966 578229
97599 97490
725922 721939
680013 692978
85683 104345
122552 109117
796061 830849
573913 572011
776240 775931
600930 599905
118583 114715
676605 676101
895456 895503
680013 674184
597024 601602
73265 73328
687327 687468
81624 114715
572011 573920
578229 578092
106548 106351
567060 566782
572233 572711
628695 601522
796061 796107
681082 679474
599571 600504
427419 427423
628152 599983
577749 576346
623649 611876
580751 581689
577989 577705
721939 720963
836963 837202
93662 93551
609993 608661
682266 687327
571946 572011
621313 629041
725042 718035
777393 777469
607953 606534
585582 591984
568008 567985
106548 589290
576665 577795
614609 614670
583561 583467
122972 123002
576864 624080
104223 104361
784960 784962
1067643 1067963
13697 13513
860883 847465
93662 93824
578762 578229
116528 115629
87332 85033
572711 572207
105914 106288
583707 583521
610561 610550
100727 101018
628874 601533
623932 625120
835556 836963
569424 570054
356025 356261
123808 116528
576346 576558
628827 601522
628852 601522
597244 597058
819933 819812
679024 679474
218423 218751
600913 600930
600930 600044
723317 723314
602848 599959
806012 830272
730534 730554
585582 585597
923054 923062
84208 84176
570961 572711
631109 629092
499332 499643
75406 75680
578130 578229
598188 630352
621950 631422
103616 105914
625120 623914
697333 668542
89621 89475
348457 348742
589051 585582
85367 85397
75140 75298
627456 607628
104630 104652
615091 626128
585009 584534
114715 81662
779552 777393
56196 72094
13697 13349
73328 73398
680063 684942
614806 614609
592803 583467
117465 117482
610501 610561
676605 676073
572323 572711
573427 572011
723317 722533
460646 460533
592514 591334
614711 614966
597638 620478
723297 723198
733576 737585
105914 106527
97599 97418
676605 676018
576346 576647
578229 578950
348457 348285
348457 348711
115466 85683
614609 613717
605722 605805
597024 627557
608179 608279
601095 600930
895456 895071
721030 724671
629536 604885
624126 624169
592920 565091
600135 626449
96807 96692
600504 631590
819933 819738
90694 119268
955309 954947
578061 578548
620478 597457
101619 93854
626449 628432
609140 567985
614711 614221
99460 97599
93662 93546
101619 101593
713546 713140
601028 600930
577926 577989
605757 605805
777452 777393
895456 895229
117482 117433
820256 819933
725042 724990
820514 819933
583707 583378
719285 730554
716521 715813
421527 421373
624169 620146
624169 624451
100727 100093
506190 506826
697333 668719
604330 611876
624169 624197
571182 572711
626816 608366
614629 614711
820048 819933
100727 100519
610561 609385
602848 602858
576665 576524
592920 592229
585009 585057
830046 806012
577989 578072
104291 104361
507105 506826
610592 624169
572711 573044
101594 101619
602848 602619
97599 97299
601522 601643
610561 609326
592920 592246
105914 106498
577830 576850
601067 602848
734057 722524
630613 601522
85176 85315
567757 567985
725042 718096
93662 93876
627444 614711
721160 721030
578548 578464
618334 610652
805916 806012
123354 123292
325873 325016
613971 614609
628849 628874
611876 604387
819933 820248
100037 100621
577322 577989
577712 578548
614711 622434
700378 678627
460106 460646
356025 367562
626449 629464
624609 625007
717058 716282
105914 106082
597024 600020
576864 578159
609057 567985
612487 612748
624609 624856
455261 455310
897692 897745
601575 628874
735099 733576
112975 118284
426182 422744
14043 13697
625120 624529
547968 544385
895456 895231
608279 609440
897745 898187
102530 102611
85315 114138
624609 624710
566770 591345
954947 955327
608127 608279
570054 570208
109117 108916
626449 598465
578126 577830
725042 725007
624169 624323
591812 106548
598188 628805
572220 572711
592264 592920
734610 728503
102530 102316
681062 679474
603517 603138
576182 576346
85033 87329
628152 628641
218393 218423
324282 323120
599871 626449
109117 122413
569289 570054
676605 676010
628048 611876
610561 609263
85387 85315
582468 592920
602586 597024
93866 93662
600299 600930
730504 733576
584136 583939
75575 75680
722260 721030
576864 577964
543885 526054
56196 56010
606679 624157
78879 79226
806012 829746
93662 93719
819981 819933
106245 106548
602230 602323
97599 97556
626128 616241
117482 117365
576434 577989
100727 101014
80059 79923
629041 620770
506826 506669
946624 946649
733562 733576
576665 576731
631801 601522
1067973 1067643
716513 716125
610766 608674
777393 777032
591289 582840
77854 77895
725042 724981
583467 583620
577320 576665
610281 567969
608279 608143
324282 324109
581439 581472
218423 216967
946895 946649
733288 717058
697333 694845
572711 571033
624105 624169
614711 614805
348743 348457
592505 591334
628289 629041
819933 819806
610281 610518
567060 566780
592482 610281
576665 576401
420553 421308
724181 732532
77895 77979
576665 577813
570054 568806
105454 105277
602323 602409
13697 13589
96462 96423
618334 618369
623720 610561
610225 610281
572011 571866
668637 697333
795938 796061
672536 696353
946880 946649
597474 620478
631843 601588
577979 578229
623642 611876
725042 718061
820040 819933
515219 506826
923029 923062
592204 584136
13378 13697
722384 732987
614657 614609
626449 599868
716595 716513
578031 577989
103605 105914
97402 97599
76390 76395
603138 595975
348457 348773
606679 624611
356025 356256
625344 625120
723317 734833
816946 819933
613337 613633
422744 422813
952034 957007
97599 97526
567985 609268
735670 716513
722724 723317
78879 79548
577702 578548
773124 767597
721030 726058
455591 458667
572011 571794
109117 122558
93072 93662
499332 499180
109117 109830
820127 819933
600930 600369
604307 611876
598544 629092
582524 592920
103607 105914
75635 75680
796061 796200
101619 93995
606534 606710
603138 603149
218423 218740
700378 679889
610281 609225
580751 580763
105277 105431
455591 455321
614711 614750
626449 626429
723374 723317
722793 723317
348457 348721
579135 578229
606534 606721
623921 625120
614731 614609
631843 628556
85180 85315
1068555 1067643
109117 109005
455591 455302
713296 721030
421546 421373
73259 117160
543885 543271
577412 577830
737457 733576
612748 615211
620792 629041
455362 455261
78797 78757
318227 325873
93662 93393
621950 622359
122553 109117
506160 506826
73370 73259
602432 602323
372045 367333
218390 218423
543885 542503
85683 104344
100727 100133
607525 627456
105277 105401
348457 354490
606679 611167
859173 847465
836963 835543
591334 565340
543885 526003
100805 100727
721939 725708
581652 580751
598209 598188
119414 89475
325132 325873
107908 75298
723208 723297
603138 603262
624222 624169
577764 576665
567060 566759
775931 775860
622252 621950
591289 582528
584136 583866
325873 325158
836963 837230
513399 506826
117482 117345
567198 567060
583467 583394
104152 85683
570054 570185
93384 93662
96759 96692
93773 93662
721030 721137
577830 576807
421308 424471
455344 455591
628340 628152
622185 621950
959301 954947
93662 93772
804970 806012
610561 609338
777393 779451
75202 75298
629723 597024
580751 581676
457975 457952
354382 348457
713615 713546
499332 499171
600930 600033
324282 324179
597024 628551
114715 89831
769790 773124
100629 100037
75680 75694
499520 499332
796148 796061
738647 725181
580751 581714
567060 567087
713329 722384
