740023 592436
77799 72640
72640 114224
72640 73965
629648 743188
74662 285162
96462 743672
739960 625377
740023 75110
734480 72640
72640 576725
124436 72640
88472 740023
112510 739679
739960 105362
95806 740023
83094 298241
605767 298241
285162 77041
285162 108111
740023 98634
72640 84533
72640 77848
298241 96624
729573 285162
100664 72640
739960 588770
573015 298241
739960 580191
285162 77606
285162 94945
76772 285162
739960 74825
72640 114655
566778 72640
576955 72640
716664 285162
95287 740023
86259 285162
298241 95951
105302 739960
740023 83099
732664 72640
739960 122943
739960 567372
606899 759883
298241 107657
298241 90538
72640 588915
104758 739960
740202 608674
285162 746556
739960 80421
585080 740023
716338 72640
740023 79169
739960 585665
759883 615808
739960 576277
298241 607397
714946 72640
739960 592802
74342 285162
285162 716131
104369 298241
110981 285162
298241 587347
629648 744296
747613 105277
739960 566926
569058 72640
123583 298241
72640 101878
72640 81850
72640 727275
739960 79603
738504 72640
77358 298241
735936 285162
298241 578419
113946 72640
89219 298241
739960 625223
72640 600696
738687 298241
72640 723178
744280 608674
89015 740023
739077 298241
578636 298241
298241 720618
298241 107552
285162 746969
298241 84157
581436 72640
740023 116305
614458 298241
72640 79572
744946 608674
739960 103160
72640 725847
584779 298241
748507 105277
716920 285162
72640 83752
740023 95671
578868 739960
76447 298241
724516 285162
298241 718690
569271 298241
739960 80534
72640 83242
111180 72640
298241 736801
745753 608674
738258 72640
298241 106156
298241 577357
72640 714450
72640 728816
298241 717879
72640 584668
565722 298241
72640 729904
588820 72640
298241 78169
615371 72640
285162 721354
72640 733119
72640 94973
570674 298241
298241 83952
584858 298241
72640 584283
297994 105277
285162 110641
88985 739960
609336 72640
629404 298241
739960 78304
101379 72640
740023 124056
285162 735311
744656 629648
739960 579663
85297 739960
576696 739960
285162 727444
72640 736561
298241 97352
117200 298241
72640 573522
72640 89988
629648 740650
298241 734815
615548 759883
723569 72640
298241 584373
72640 114621
581272 72640
298241 115278
624631 72640
114287 72640
740023 590310
298241 631630
298241 738419
736887 72640
72640 573814
732697 298241
727033 298241
72640 584612
72640 611334
104921 739960
285162 721889
583439 739960
726846 285162
72640 725052
72640 731603
298241 728218
727964 298241
298241 600043
123038 739960
575077 298241
594618 298241
72640 123619
734723 298241
298241 95668
107578 740023
95408 740023
570737 72640
109909 72640
298241 73811
298241 720493
740023 123643
72640 122387
727398 298241
118178 298241
739838 105277
72640 624055
285162 722251
72640 587673
578141 298241
299139 105277
72640 714227
740023 95823
608009 298241
105212 739960
285162 724170
585015 740023
298241 719624
298241 576287
76433 72640
739960 124191
739960 573531
298241 720127
285425 105277
732012 298241
740023 77424
725645 72640
122346 298241
298241 86571
298241 96010
122014 285162
120546 298241
725671 285162
719305 285162
285162 723160
123637 739679
631965 298241
725096 72640
114293 739960
733705 285162
118009 298241
72640 103154
298241 80500
740023 106796
589257 740023
740023 90880
629648 744841
745552 629648
72640 734767
607240 298241
714733 72640
285162 717527
75435 285162
759883 606043
739960 627287
96274 298241
298241 574115
739960 579237
740023 588497
285162 733796
85983 72640
285162 107119
585173 740023
88208 740023
106193 740023
740023 90536
740023 95815
118284 743940
727464 285162
739960 95047
759883 607553
119161 740023
740023 73382
121397 740023
733910 72640
598592 72640
584494 739960
759883 598656
629648 744563
745989 629648
72640 108173
629648 745173
739960 589240
739960 569071
745013 96462
72640 96475
606820 298241
73312 740023
123714 72640
573463 72640
575812 739960
72640 86981
97587 740023
285162 761742
740023 580789
72640 87182
87457 739960
119228 298241
79970 298241
72640 570319
298241 96529
285162 113772
100605 739960
298241 93054
298241 122165
581554 739960
72640 104594
76724 285162
624848 298241
100031 72640
731413 285162
83577 739960
77696 285162
72640 724549
285162 719640
739960 568050
589136 740023
72640 76098
97452 739960
608466 759883
571246 739960
615353 298241
105277 739459
99873 298241
72640 90962
731441 72640
93781 72640
84083 72640
571642 72640
285162 87873
616849 298241
720731 285162
738259 72640
729480 298241
571145 739960
740023 99473
739960 89789
740023 587312
734074 298241
298241 97982
739960 95636
298241 115155
727945 285162
608857 298241
717501 298241
730582 285162
580791 740023
739960 123457
745352 629648
298241 735860
298241 122706
739960 589865
739960 586665
627009 759883
119507 740023
285162 717054
583475 739960
99976 72640
105277 747840
298241 736892
72640 108076
94826 72640
733628 285162
72640 574547
117217 72640
83931 298241
84721 739960
739960 588024
97857 739679
298241 592005
285162 715273
113569 72640
97920 298241
298241 611225
285162 714228
72640 118595
89643 740023
728574 72640
739960 582210
72640 78085
582243 298241
569749 298241
625734 72640
298241 119174
588971 739960
72640 567992
82824 72640
82103 298241
80984 740023
298241 624755
72640 113149
726128 72640
116122 298241
111920 298241
122899 298241
72640 119614
739960 84378
72640 115754
98650 739679
73876 740023
72640 624828
740023 117545
592976 298241
740023 83645
740160 608674
569264 298241
611908 298241
103904 740023
592810 740023
82625 740023
577451 739960
726078 285162
105277 298152
759883 599305
298241 625373
72640 100642
739960 587052
592781 740023
72640 748655
739960 566441
83651 72640
72640 108934
298241 583310
605465 298241
115397 72640
113724 285162
77072 298241
106508 739960
608104 298241
716149 72640
285162 720834
573471 72640
624957 72640
744726 591334
94667 72640
733290 72640
85792 72640
298241 98413
72640 717556
298241 576992
739960 93116
298241 591763
72640 591523
729834 285162
716098 298241
602784 759883
298241 585287
759883 615426
96462 298863
298241 568057
731317 285162
571017 298241
298241 588965
72640 577531
739960 117656
72640 74400
607602 759883
594678 72640
72910 739679
119814 298241
626918 298241
567219 298241
72640 120783
298241 109728
77142 285162
739960 117950
740023 76339
731909 298241
298241 574562
123857 298241
739960 79859
582823 739960
285162 719899
735124 285162
725105 298241
72640 79967
298241 733714
729858 72640
739960 95866
72640 610266
740023 78102
73541 285162
96428 72640
298606 105277
90833 740023
748267 118284
89716 72640
740023 91298
585886 740023
739960 567428
744361 118284
601602 298241
105235 740023
99728 740023
734995 298241
739960 95763
72640 609634
108362 72640
91126 72640
713755 72640
72640 587624
729555 72640
298241 104245
609813 759883
721661 72640
114538 72640
285162 734910
723680 72640
575061 72640
570796 739960
298241 576553
627206 72640
567579 739960
72640 82540
298241 735815
591898 298241
606184 298241
739960 578439
121027 298241
72640 587324
739679 74709
78773 298241
740023 102219
84256 739960
298241 97879
610829 72640
723188 298241
72640 118475
759883 629701
298241 98488
94395 739679
298376 105277
72640 575059
122144 72640
740023 79669
298241 628096
72640 573947
626128 741376
72640 83370
740023 81815
612918 759883
612530 298241
285162 725733
122494 740023
72640 111378
739960 591071
743856 96462
124021 72640
587652 739960
718440 298241
72640 99864
579097 72640
298241 598580
298241 736046
298241 122925
94913 298241
568436 739960
725456 285162
285162 98828
588866 740023
739960 121680
713387 285162
285162 86115
578240 739960
113120 739679
603719 759883
298241 82768
740023 114188
72640 589576
72640 73537
80873 72640
740023 90406
105277 748282
740023 124321
72640 99244
589383 298241
566999 739960
72640 97312
86587 740023
724086 298241
298241 723480
285162 734682
298241 576423
72640 594433
105277 298895
739960 585168
740023 84367
285162 77400
72955 298241
298241 609966
298241 120199
599773 72640
566513 739960
740023 568886
298241 567426
737889 298241
739960 95824
298241 600741
82366 298241
298241 94463
95453 740023
740023 568848
298241 719970
87793 298241
107617 740023
85286 298241
298241 588767
91594 72640
586873 739960
590982 739960
608301 759883
92064 72640
739960 580277
591334 764054
740023 118074
72640 574499
740023 85552
98150 72640
591336 72640
759883 626522
626080 298241
575802 72640
72940 739679
298241 594258
616966 298241
583862 298241
740023 73577
73972 72640
759883 616603
79665 72640
285162 111026
81676 298241
589245 298241
107511 298241
298241 716360
83673 740023
76346 298241
72640 104171
566391 298241
592209 740023
78721 72640
298241 721244
72640 734160
72640 717370
298241 616435
739679 74880
298241 606460
72640 580314
578205 739960
298241 737854
94689 298241
111791 72640
298241 101932
584343 72640
608740 759883
72640 118382
72640 109439
77367 285162
73260 740023
740023 588894
104140 739960
298241 578225
105023 72640
298241 715985
585058 298241
86144 72640
87253 739960
741744 626128
583324 72640
298241 716283
739960 101022
72640 717285
739960 98420
716229 72640
740023 589265
584227 72640
97839 298241
713938 285162
98446 72640
78481 740023
72640 111296
740023 585688
114515 298241
298241 78531
72640 587571
759883 629274
616604 298241
594612 298241
74341 740023
109544 72640
107281 298241
609308 72640
72640 725808
592103 72640
731635 285162
118210 739960
576300 739960
723740 298241
569794 739960
95165 739960
739960 91496
739960 585261
106769 298241
72640 122772
298241 76865
285162 713598
740023 72966
739960 575699
739960 576555
97831 285162
739960 89504
72640 572831
739960 565481
84686 739960
285162 111087
72640 115944
285162 109071
72640 737228
74779 72640
72640 76738
76248 740023
285162 724125
724803 72640
740023 590289
735451 72640
716473 285162
739960 91892
740023 82514
72640 583422
72640 609154
72640 737106
728529 72640
630998 72640
759883 608846
587911 739960
565530 739960
608594 298241
123064 298241
72640 578329
114649 298241
298241 593094
740023 87815
593440 72640
298241 101783
298241 589288
285162 723624
99923 298241
123506 285162
73663 285162
80753 740023
89951 739960
72640 91493
739960 587219
739960 582780
576778 298241
97557 298241
570797 298241
117468 739960
72640 734893
737960 285162
739973 105277
285162 725741
759883 603888
759883 621295
734368 298241
285162 75524
285162 721794
72640 99064
89431 740023
759883 616580
739960 84025
298241 107711
285162 747389
629648 72558
100098 298241
566151 298241
298241 104611
285162 730459
721619 747801
75620 740023
72640 104883
104818 72640
111134 72640
121189 298241
123842 739960
72640 716928
101835 739960
72640 599527
739960 104352
298241 598185
565295 739960
298241 575072
713684 72640
740023 79656
72640 625097
72640 74513
72640 583379
123349 740023
298241 98442
588947 298241
739679 96862
285162 79305
298241 584402
79897 740023
580492 298241
99792 72640
736200 72640
726594 285162
716309 285162
575674 739960
739960 96926
759883 605761
740023 85630
739960 92948
97363 72640
738970 298241
72640 725393
285162 76540
85230 298241
740023 84248
733162 72640
78196 298241
717093 298241
118132 72640
113255 739960
566316 72640
740023 104432
570034 72640
102340 72640
72640 95919
571149 298241
72640 573184
587338 298241
72640 724637
740023 75513
90011 739960
88364 740023
729764 285162
72640 87043
740023 85977
298241 626394
72640 609821
571937 298241
298241 599315
72640 726609
740023 92095
599766 759883
727895 285162
90029 72640
727127 285162
732448 285162
285162 736887
100861 72640
72640 580470
72640 82374
72640 621596
740023 97333
716689 72640
78302 72640
298241 89758
121482 298241
739960 582302
298241 717698
739960 85302
298241 724419
298241 73488
739960 590287
72921 739960
610743 72640
298241 733684
107220 285162
102205 72640
759883 606245
578691 298241
118284 748366
72640 113479
84529 298241
105346 739960
298253 96462
590336 72640
285162 728172
72640 591081
565581 298241
72640 97951
73205 739679
575815 739960
285162 111986
77480 740023
88179 72640
72640 86562
745031 629648
285162 109642
572431 739960
72640 98632
740741 629648
75811 298241
298241 731586
298241 118438
72640 82961
77854 285162
581492 72640
298241 723599
298241 627246
720137 285162
298241 118937
583849 740023
569948 298241
582527 72640
95984 739960
582948 298241
72640 75007
589710 739960
581547 739960
89267 298241
721565 298241
759883 615814
298241 718459
119228 739960
298241 728674
739960 101664
740023 580494
735452 285162
592374 72640
108863 298241
740023 568554
298241 616719
75726 739679
740023 588598
72640 575851
285162 730042
740023 87310
573468 298241
107133 285162
90829 72640
747801 731256
72640 114505
716025 72640
571268 72640
739960 593237
599643 759883
78212 298241
93964 298241
298241 624130
739960 624030
105228 739960
570391 739960
739960 99744
298241 95851
298241 734142
586462 739960
298241 111056
739960 80130
298241 586324
108362 298241
567011 739960
97293 739960
91722 298241
298241 587664
759883 603756
729972 298241
113239 72640
608462 298241
94928 739679
759883 606254
298241 731805
298241 722733
88349 72640
759883 607841
740023 103968
76560 739679
736617 72640
739960 121846
298241 615610
739960 594599
579605 72640
96462 748263
298241 717921
739960 81041
72640 737369
578643 739960
629648 744266
81000 72640
99703 298241
739960 572133
740023 102170
739752 629648
577977 739960
285162 717060
566527 298241
86455 72640
713996 285162
285162 724233
298241 104047
85986 298241
122099 72640
740023 98259
733908 285162
72640 577762
109557 298241
607382 298241
298241 624241
591334 744449
739960 81683
102821 740023
117932 740023
720469 72640
81115 72640
