576589 577830
96692 95284
732193 715714
603138 603208
577893 576665
100773 100727
675787 676605
796061 825864
576427 577989
577992 578229
513247 506826
577116 576864
610281 610254
725142 738647
96462 97201
507343 506826
85367 85584
577830 578909
348373 348457
855835 855828
348457 348163
581296 588849
609075 610281
218423 218513
582692 591289
566870 591345
455591 458539
895810 895456
577830 579082
600504 600817
571836 581296
606653 606534
631843 602614
608566 567985
600571 600504
628152 599913
597490 597244
614609 614936
457952 458185
603191 597024
623938 576346
577099 625120
218911 218423
601522 601708
577394 576346
86733 124394
603860 611876
577253 576665
591334 593426
218583 218423
613335 613633
509764 516017
593747 597024
100727 100166
108361 116427
104226 104361
610281 567991
625120 579098
119521 78797
773124 769916
751802 760715
721154 722384
784960 784912
105141 105277
625120 577100
600151 628152
576671 577830
598178 600504
614149 614609
84799 85033
680063 684967
608279 608868
600930 599844
733204 732193
727033 723317
84208 114945
347030 348457
100727 97341
680063 680157
96462 97416
598039 620478
670301 669273
110823 110633
581296 571810
578003 578548
616616 626128
106366 105914
721939 720381
122652 78797
751805 742079
679474 681441
577284 576665
547968 547259
679193 679474
89026 89475
75680 74998
104652 104796
583707 583807
632065 598188
770149 773124
102530 102130
629930 626449
667415 667284
576665 624074
603138 603543
606679 624474
122613 117482
855834 855828
576864 576562
517335 516017
620478 597221
75349 74918
116482 119716
585582 585736
631843 603298
591289 582263
565163 590994
631843 602802
50791 71972
614117 613633
460348 460646
721030 726283
578686 577989
723471 723297
777393 786541
578349 578548
955365 955131
592920 591648
599447 600930
629092 628365
700378 679302
624933 624609
836963 836335
580751 581720
798844 796061
84775 84208
106548 103646
102487 102530
777349 777393
112924 116240
585678 585582
600930 600472
620105 597244
723317 722220
75083 75680
579067 576864
104524 104652
567933 567613
13646 13697
577091 625120
458674 455261
601083 600930
436998 437468
449356 449698
421308 421509
94541 113727
614609 613352
723317 727087
735926 725042
96462 97385
455945 455591
775931 786653
751805 751779
421373 421490
584007 581932
598549 626449
109120 109117
21277 21307
625120 576830
836303 836963
524303 543885
895456 904194
715813 712964
672536 672599
572956 572711
716513 719490
617474 617552
84774 87303
572711 573134
104361 119270
348457 354487
606534 606332
457093 455261
565163 592635
570054 568582
946643 946649
89279 122972
581439 583962
625120 624504
725042 717977
75816 76390
611876 604001
85367 75740
14400 13697
628874 632062
626449 600187
105914 106379
623679 567933
723317 735022
605556 605805
621950 619066
623771 625120
687554 687327
449356 449520
612748 611728
584977 585009
106548 106061
605805 606322
600367 602848
583846 580751
105766 106548
96692 97075
457049 457952
763356 751805
599622 626449
457952 458251
105546 105277
796061 798897
954947 955404
325873 325230
592604 591334
577830 578939
957677 954947
837793 836963
13579 13697
610427 610561
620478 597360
626128 616965
110823 111497
106548 106030
584770 584985
94541 121973
565644 591345
1067930 1067643
75753 85315
717845 725042
632193 611876
620478 620235
600504 629428
716513 715873
119716 119705
100686 100727
629536 630714
731309 738541
598457 628385
583280 85683
419908 420313
598414 600930
591289 565360
78879 79210
121923 114715
720140 738647
624258 624169
576665 576496
751802 763596
578200 576864
627622 602848
670514 672219
624076 577830
576346 577625
542952 543885
572711 570613
76076 75680
617452 617552
895787 895456
96462 97320
610281 567722
597024 601404
723175 723297
602323 602066
681143 679474
13697 13233
583175 591289
614711 622085
601086 602848
455261 455096
606679 624285
592920 592094
608073 608279
104922 104652
679474 678559
611876 632188
676605 676871
578977 578548
107107 108110
90490 94541
565732 591345
75771 75680
629177 606534
726278 721030
819933 816873
954947 960086
614744 614609
506826 506572
626450 600504
679474 681373
602548 628874
617850 618334
723159 723297
103745 102530
820616 819933
724130 724181
603263 597024
102530 102166
713546 713790
721700 712991
100835 97599
591289 591313
100037 100656
154528 154636
1067643 1067342
348457 347506
726819 723317
573053 572711
613633 613370
1067622 1067643
681030 679474
460749 460646
105115 104652
712993 716513
565774 591345
957007 959105
507115 506826
631843 628536
449170 449356
628152 599868
597244 597387
85238 85367
506115 506826
751942 763950
604229 611876
460071 460646
952071 957007
506826 506347
602848 600001
436998 437473
577646 577830
78693 78797
499332 500019
679474 678943
576668 576864
105592 101619
577185 577989
722384 722009
76098 85315
567933 609044
626128 626096
726076 721030
819933 820198
570431 570054
591334 592652
895456 895033
955729 954947
624169 623843
606314 628874
732203 715813
79513 78879
719331 730554
676605 676680
583467 591188
570586 570054
576739 576864
626449 602481
722384 726413
576665 576770
624361 610561
419549 420726
105131 105004
576346 577821
584489 585009
348224 348457
578229 579155
348457 347744
606679 624283
577797 578229
613633 614153
91067 87343
628738 598188
577459 578548
605937 627456
598188 629904
543885 545171
600688 600504
723317 726963
625400 625120
668321 697333
773124 770123
625317 625120
721668 722524
723317 734959
610284 608674
576665 577364
122972 89016
105277 103489
726082 721030
955650 955131
85315 75687
578162 577830
85315 85491
88400 96462
610568 567985
678517 679474
818168 819933
449356 442204
610561 610255
602581 601522
720059 738647
679474 679391
769662 773124
674130 680013
570468 570054
576079 576665
583905 584136
597024 631865
108112 75298
570054 568513
609647 608674
626371 600504
584140 583707
581865 584136
111785 110823
372045 369288
621950 621955
583268 104361
543885 542973
624013 576864
629092 627328
738647 725132
857897 850011
104361 104222
627158 621950
102530 102120
112798 116996
455261 455441
566331 595172
97312 100037
723317 722520
583398 583707
575634 567985
581737 580751
572711 570701
120779 124394
154528 154486
87749 585582
217330 218423
608674 610221
836963 834748
576346 576371
336018 372526
578992 578548
943754 943806
118284 124251
116240 112963
601522 630649
567933 609060
958670 959143
570694 572711
629396 600504
578119 576665
124394 88063
620478 597828
598540 600504
122972 88770
583707 584098
577427 576665
959143 960492
103566 101619
674013 680013
584004 584136
614711 622507
612748 615222
104361 104324
576942 625120
591345 566136
717971 725042
623849 625120
460652 460646
577989 577653
106031 106548
455591 455396
85250 85315
572011 574556
738647 725091
84208 84406
618424 629536
113840 124394
84400 84839
673267 673390
565163 582533
589112 106548
372045 363563
577023 576864
75082 75680
672736 673267
716088 716513
75161 75298
106548 105881
12144 13697
623761 610561
217222 218423
85367 75578
88076 96462
568654 570054
612748 612461
121619 112798
607013 606534
104322 104361
772966 773124
630347 628874
591224 106548
724181 737755
218423 218473
624169 624579
578548 578190
576493 577830
75680 75729
324282 323263
680013 684386
567985 608988
775931 776069
678142 679474
585507 585582
598188 626549
600504 628523
614711 622399
576857 576346
565163 590992
625420 625120
583424 583707
626816 610122
122222 116240
100727 100685
680345 700378
96451 100037
670514 672325
591289 565154
104169 104361
609701 608674
84009 84400
77895 77552
218423 220478
113927 76390
667415 667225
93662 93874
600367 626449
104264 104652
568696 570054
421480 421373
584399 585009
325873 328572
76713 82115
713597 714723
2482 3802
626449 599739
776562 777393
604863 602323
324282 324117
606534 608842
601522 601514
577830 577339
763950 762164
700378 678436
90671 76713
577698 577830
723297 722203
624315 610561
608279 606704
612748 612510
578241 576864
219998 218423
100662 100727
570054 570658
605805 626772
565619 591345
796061 827394
583707 583257
614711 614305
104652 104799
15510 10197
218423 220408
581296 570858
89931 119268
955521 954947
105344 585582
603138 603443
679318 700378
105563 105277
103836 104361
735447 116240
725042 725292
96692 97178
580751 583908
775931 780831
499332 499631
609429 610281
601007 602848
356025 354966
598188 601411
600504 599477
567985 609010
579092 578229
460646 460345
105813 106548
629536 594281
103137 85683
105277 103519
457952 462345
116240 108165
108133 107107
587503 587365
583887 580751
620478 597500
506826 513230
100037 100759
584136 584339
773124 771683
100037 97371
111429 110823
599479 626449
1014888 1018530
584911 584770
609993 608654
613765 613633
105586 101619
625120 577067
116208 109117
603788 627456
75680 74643
626816 609922
84959 87303
100037 97611
84208 84390
578229 578538
578150 576864
609726 610561
108148 107107
600930 601060
610338 610281
600504 629397
601563 603138
627702 629536
626543 597024
582735 591289
85194 85315
218423 218841
610281 608987
375150 372045
723200 723317
597244 597443
591010 591334
15510 11761
73259 123585
113184 112798
628152 626454
624272 610561
123292 115446
419908 426965
758975 751802
583252 584136
93974 93662
606066 606534
110250 110823
75824 76390
628738 628874
576346 576369
112798 123618
570864 591289
78797 79886
583295 583707
846786 850011
577770 578229
954796 954947
572011 573405
595168 591345
455261 455390
626128 617173
602848 599922
102530 103757
590561 581296
751802 763928
943806 943923
449356 449345
773124 770169
51048 50791
798569 796061
773139 773124
675619 676605
108151 76390
577989 576795
796061 798983
455588 455261
721939 725331
599953 631843
628152 601607
105004 123473
920748 923062
583739 583467
614711 616942
609418 567985
356025 355972
678180 673267
577007 577830
836963 837752
954947 955438
747314 747342
154528 154386
600405 629092
347552 348457
591345 566793
577098 576864
603174 631843
620120 620478
103719 102530
325852 325873
958966 953103
754531 751805
605805 605673
84849 85033
572711 573065
603138 627642
578413 577989
629425 626449
572711 572185
625120 625357
603138 603877
743093 742857
620430 629041
15510 11472
516155 506826
119645 118777
725681 721939
628469 602323
506826 506586
603138 628552
109117 109241
620478 597267
576864 576388
943894 943806
122918 122972
742857 743131
577830 577427
85315 86088
595504 598188
625120 625260
775874 775931
78797 78679
785317 777393
611241 624609
603138 603386
116818 116528
955131 954926
679603 679474
548934 543885
733576 733654
93276 93662
220452 218423
954947 955050
110823 110536
516017 509807
80059 117608
598715 600504
592262 591334
93044 93662
796061 798839
583467 583710
348457 347020
102530 101573
763591 751802
591334 592637
104361 104448
723317 731181
795884 796061
714723 730188
1027844 1028658
602323 602471
624032 576864
572711 572288
773124 773168
578548 577989
672536 672079
678953 679474
77813 77852
436962 436998
324282 324157
621950 627119
218423 217320
952389 959143
600504 626373
577385 578548
592364 565163
106548 106380
599451 626449
602323 625290
47455 71752
611320 624609
74918 75165
50791 72077
348457 352389
598188 601202
91357 89475
608674 609854
101619 101458
124394 86533
629092 598799
599754 600930
75394 75298
617536 617552
610561 567951
455261 457327
458262 457952
324282 324294
572711 570759
600504 600815
583707 583251
109117 109027
506767 506826
591289 582835
1067643 1067261
591334 629842
624609 624876
614209 614609
584101 583707
627456 623653
603060 603138
455591 455353
576377 577989
91067 85109
624576 624169
543885 542965
570614 572711
460646 460654
572011 573398
679287 700378
573385 572011
213266 213228
684639 685420
591289 592525
628874 630492
597244 620097
74719 74918
624169 624459
578107 576864
568790 570054
21277 4666
578916 577989
850011 847123
101619 93886
722384 722655
628152 601341
567985 609098
679474 678396
75625 85315
576864 576617
611456 611876
566062 591345
78673 78797
600928 600504
623705 610281
86632 124394
716513 716736
620478 597780
15510 11173
583898 581439
602848 603030
355014 356025
325873 325235
957608 954947
680063 685007
583790 581439
582842 591289
592920 590978
85285 85315
106548 592165
631805 598188
585537 585582
954947 954845
589072 585582
567060 567419
576535 576665
723297 722751
77569 77813
91067 87365
449356 449323
94541 107518
101535 93662
575573 576346
726778 723317
449735 449356
837841 836963
600930 600565
582647 591289
593748 597024
567933 568046
685420 693021
897745 898186
629536 630692
584069 581932
618269 618334
455591 455274
460132 460646
50791 51111
597244 620219
100037 97375
218423 244930
154528 154389
954947 947217
499504 499332
570054 568628
106548 589133
625197 624169
600897 600504
77628 77895
581852 584136
122575 109117
356010 356025
737682 713546
353947 348457
105205 585582
628874 601693
763950 751759
455504 455261
590985 565163
74918 74585
959425 949274
732068 723317
581932 581539
583198 580751
570054 570439
85364 85315
603135 631843
773372 773124
576767 577830
78879 83671
670514 671443
100037 100734
1022424 1027844
612748 615266
581932 592772
455261 455461
105277 105557
614609 613846
959062 959143
670301 669263
716513 715786
576346 576227
95659 124394
952198 959143
836963 836314
613633 613286
567985 623733
119268 90523
122736 117482
101619 105590
75298 107651
578548 578197
616653 626128
577989 578171
720866 722524
583821 583467
614614 613633
955396 954947
76072 75680
97599 100871
13697 11977
420539 421308
624169 624630
820521 819933
567933 609364
685420 698004
122216 116240
602848 631119
581932 584067
581296 590033
11686 13697
700378 678292
624505 624609
87303 87345
88023 124394
570988 572711
954947 955062
577830 576667
89475 91311
105779 105914
700378 673926
106407 105914
605805 627297
577989 577173
576665 577299
367288 348457
738647 725395
584157 583707
567933 609277
324282 323225
96692 95980
121643 112798
572205 572711
802140 802056
80059 78753
716806 716513
629092 629463
