567009 591345
822883 819933
105012 104361
598457 599677
679830 680013
751802 750112
119268 90319
581296 590324
592608 565163
506826 508404
85367 83174
591289 582259
99711 96462
421074 421373
124394 88319
577448 578548
722524 722071
624517 610561
625009 606679
847192 850542
111126 108361
712051 833736
606534 601808
97599 96813
570190 572711
618637 621950
623291 621950
72913 81025
85367 75069
81507 81025
576665 577660
624169 609275
103166 583467
618334 632353
448849 449356
733576 719552
614711 613651
576498 624169
613633 628172
599903 597024
85315 109899
448958 449356
84044 119716
681914 697333
606679 576932
110390 110823
804209 806012
598269 600930
681426 700378
602783 598188
733296 717058
697333 668959
944186 959425
516017 516910
697926 701799
582344 595172
670301 669906
610281 624437
825263 819933
104652 105231
577830 576444
722818 723297
568109 606679
83169 85315
506826 503184
750060 763950
624169 625227
610281 611165
680013 698498
714723 713197
728390 728503
92847 119268
617068 614711
610246 567933
603632 603138
567933 609630
583720 104361
93330 101619
602565 626449
105388 93662
73259 73663
594263 613633
723297 734147
115166 119716
603266 602848
611876 612014
611876 613211
576346 578681
617678 617552
628152 600650
104361 584224
733576 718903
372526 335959
97599 100978
94541 107481
583467 584269
777393 779336
164531 154528
733023 730554
83719 84400
819933 821333
590722 572011
113616 76390
687327 682150
116240 728217
576736 578548
582573 565163
724831 738647
566684 570054
567933 609433
733570 716513
123491 94541
606679 623741
576346 577912
581540 583467
680013 684399
105176 104361
944442 943806
437435 436998
78879 83871
47455 71714
613633 614749
600604 629092
93662 103424
356025 354733
567094 595172
612748 612211
846027 847465
628054 627456
584642 583467
806012 806314
791091 796061
679474 675978
599769 602848
94243 96692
92895 119268
576401 578229
897082 897745
580743 583467
588763 581296
592920 628197
697333 668671
581439 584149
583505 104361
626816 606647
1067643 1069698
101532 102530
567985 609637
111618 110823
629083 629041
79803 84208
90062 85683
606679 625245
74210 74918
596790 620478
738647 720069
576864 577364
629092 599557
356025 354502
628874 602832
943947 943806
570054 587540
957007 956883
581685 583467
85315 107653
625410 624609
576665 591391
122972 123961
607424 606534
119450 87303
721145 722524
104652 115547
75776 85315
626953 612748
957007 952667
816278 819933
599921 600504
721939 721189
566308 595172
923977 923062
575639 624169
592762 583467
625202 610561
605805 631920
608279 607047
598422 628874
679474 681821
94541 107063
717058 717436
567060 569805
628874 602626
609639 610561
612748 615379
716513 733221
614609 622709
730996 722524
623785 576665
576665 577236
538089 547968
624609 610600
600026 631843
117638 78797
608279 607148
116240 734503
629041 597655
819933 818137
600387 603138
104250 104652
610281 610682
576835 624169
736943 738199
455684 455261
576862 606679
348457 348197
75298 74499
116240 728242
581296 587305
716720 725042
577830 577464
606679 576939
74937 75680
576346 577910
728125 116240
506826 515026
449356 451339
576864 577300
583467 115521
717295 715813
107050 94541
86278 85367
124394 95896
427416 427423
856474 836963
612773 612748
88759 122972
622643 614711
629240 622334
590943 595172
712991 721326
818203 819933
763950 746660
624169 610445
627646 631843
580751 584142
622758 614711
680063 680058
595172 592634
598162 629092
78879 83910
105277 592440
119250 89475
819933 815420
74918 119963
103117 104361
115485 104652
573229 577989
584086 581439
724181 723820
570426 570054
796061 796573
592920 565380
626449 626815
723040 723317
575991 572711
213106 213266
620478 631284
623830 567985
104068 123292
717726 725042
618500 618334
591289 593026
670514 670630
85367 123855
610281 623957
600504 604408
112798 116157
603193 602848
576480 577830
101619 102062
345173 348457
763950 746735
580976 592017
733932 712991
608279 610804
103566 93662
721939 721155
89564 119268
88878 89475
621801 614609
726395 721939
570054 572140
567162 591345
692433 673267
356025 365032
114594 81025
105396 93662
576686 578229
628152 601769
597097 620478
96692 95914
626816 629769
599931 629092
722311 721030
631843 628767
570840 576665
346747 348457
119094 104361
119173 85683
700378 680582
726454 721030
698395 667415
122869 117482
717058 739124
627177 614609
806012 827164
572711 577653
2482 8785
339116 372526
700378 680518
716513 734986
594889 566224
453417 446283
772584 773124
105914 589093
565959 591289
576346 623697
716136 733576
436998 436907
602848 599848
15510 9880
578852 576665
534517 547968
93662 92952
506826 515317
583467 591603
421308 420324
796061 791240
584136 585192
86164 75680
106548 591220
584192 104361
76390 75293
623978 576665
460646 433379
123012 89475
629502 602848
600894 628152
583228 583467
100037 123629
719701 733576
606534 607705
119645 117677
427423 424106
75800 75680
617629 618334
584136 585873
576864 571232
815953 819933
624169 576575
895456 896253
615959 624609
722641 723297
605312 614609
567060 566841
220746 218423
101335 93662
572011 574154
463799 460646
594491 598457
433851 460646
597024 603528
450039 449356
610281 610833
716613 715813
77023 76390
608674 629782
680013 684887
603138 601136
116630 104652
726833 722384
574300 578548
74918 74484
614711 622181
582230 591334
567060 569929
76713 123232
104342 583707
581835 585009
77813 77759
154528 164093
576864 576536
629041 618205
455261 458580
591345 595210
687327 686448
583707 581426
597024 602784
731213 723297
594429 591289
583467 584010
598457 601552
572127 572011
576346 579025
122528 108361
214124 213553
94541 120281
577830 577671
629092 598413
674007 700378
723317 731516
737301 733576
631843 603209
576407 625120
108361 110074
954415 954947
123971 81025
738271 724181
117482 88640
89596 119268
89761 89475
335997 372526
591289 565636
75680 74683
591345 582837
798923 796061
584136 584873
97381 96692
585009 585237
73328 100322
611893 611876
806012 827174
724181 737969
593149 595172
565163 565542
716698 725042
614940 613633
727075 722524
670514 699659
721030 734417
97599 96746
687327 687905
85315 75290
456031 455261
629648 615612
567985 624446
628152 600073
569303 572711
606558 626816
785253 775931
572711 573324
74304 74918
101619 93423
575806 625120
584136 581484
105056 105277
356025 354312
680063 692979
572711 577536
74918 107122
213553 214119
578189 576346
421037 419908
819933 821898
727862 724181
571215 577830
847165 850011
627554 598188
538123 547968
597024 599947
433344 436998
115198 85367
543885 542617
664609 697333
629669 600504
671421 673267
109930 110823
590958 592920
825098 819933
599510 598457
796061 791252
576665 572873
954947 955251
628874 630332
578548 591391
568290 570054
599566 600930
363602 372045
836963 836512
577519 578548
581884 581932
96692 97659
723297 722842
620531 629041
85367 83325
624211 567985
819933 815370
569984 567060
622390 614609
110823 110423
109641 107107
591289 581149
97482 96692
591345 582791
626816 629300
585267 584770
578229 576762
773124 769846
576749 606679
694748 943806
109955 110823
603138 611495
76713 84126
626839 624169
818221 819933
599143 600504
693156 697333
625120 575824
724181 727835
109117 108847
85033 84874
785411 777393
611057 608674
626449 627351
629092 600566
578229 577012
626816 606636
78446 82119
104361 583632
609034 567933
613633 605244
73259 122353
567985 609767
105867 102530
104001 123292
629092 627374
372526 339008
122637 78797
119268 116884
96135 73328
742195 764057
603138 623580
629648 616893
213266 212635
96692 99454
124394 88367
79845 84208
584324 581439
799717 796061
594889 594346
578796 576864
698514 700378
581296 590557
120826 76390
600274 602848
218423 220721
773124 772931
90952 87303
627449 611876
585582 105005
77290 77813
592106 591289
460056 460646
600191 597024
611128 626816
85315 83596
94541 120866
723317 734099
600930 598754
737271 730554
97599 96395
734899 725042
721030 720954
624169 625432
726769 723297
614609 614840
606534 607722
95463 96692
624315 610281
606679 609415
621950 618588
585696 105277
591081 595172
601074 598188
670301 671242
352477 348457
92877 105277
601531 597024
678197 679474
957758 946649
576665 625122
123331 118284
723317 722962
101544 102530
516017 518170
121598 112798
602848 628592
897745 897878
943806 944202
76390 76854
722524 722228
115896 104652
214275 213266
612748 615756
610802 609993
347638 348457
582245 591334
959143 948524
105277 104656
606679 624047
959425 949111
606679 624767
105914 589121
628615 602848
94852 96692
101506 101619
516017 511696
735107 721939
617552 618341
629502 611876
630724 602848
603138 602557
631843 630629
680426 679474
347322 348457
100037 97703
105914 102478
421154 421308
577989 576344
105338 585582
602806 628874
821551 819933
583671 104361
606445 605805
770318 773124
107925 74918
618334 620022
955131 955905
218423 218584
836963 838000
102530 93995
608279 607293
806012 804025
815483 819933
819933 818073
681657 700378
687327 688189
462886 436998
549844 547968
576346 577907
570054 568337
628123 621950
598188 626815
715813 732206
584725 583707
599629 628152
723317 723609
622538 614609
730996 722384
592017 581355
731210 723297
601014 600504
75680 74846
124394 95805
577142 576665
847465 845873
83744 119716
499292 499332
112418 110823
680545 679474
111802 77895
819933 817059
602848 603105
96462 100914
104652 93274
372526 338992
591345 566026
847465 846470
622510 614609
582907 591345
580501 592920
97599 98932
723931 738541
600504 599888
625899 618334
733904 712991
798952 796061
567060 566681
601522 595967
220569 218423
725042 717704
114178 94541
722659 722524
100037 97525
107711 107107
581472 583707
898649 897745
91067 84921
421663 421308
104361 583631
592920 591315
110823 111685
600189 598188
601984 628874
773124 770537
625120 576126
460646 434661
87476 124394
610281 624629
725042 724863
799873 796061
582215 591334
627591 628874
836157 836963
581973 580751
721030 726430
107107 106722
725042 725521
721556 722384
610449 624169
739303 730554
600291 628152
94541 115706
576665 575780
610561 624917
951444 959143
603279 611876
449775 449356
583467 104284
608977 610561
743424 743465
601667 598457
717676 721030
13697 11006
75683 75298
571107 576665
723317 723530
628874 603258
607683 627456
602848 601637
608279 607225
95016 96692
672835 673267
624412 577830
602848 631825
629092 600189
88953 89475
100727 100822
583342 581439
573375 570054
743004 742857
603138 601398
631843 603707
716513 715601
614609 622866
617025 613633
610561 624533
624033 624169
623240 621950
578548 576659
806012 804125
722524 730988
850011 860631
722384 738429
578548 577240
670301 672305
626816 606735
96692 97578
619025 622334
895456 896293
602566 598457
618334 622231
578229 578284
591867 106548
88493 96462
85863 124394
614609 622560
347688 348457
285313 285162
90178 119268
631843 600391
836963 838017
721030 726554
737450 730554
81183 81025
610194 608674
76964 76390
583448 581439
571361 572711
104361 105138
738199 736960
107217 75298
583968 585009
580751 584048
570054 570870
715886 732193
149822 154528
119716 88720
624169 625381
609887 567933
673720 679474
575737 606679
736672 728503
720231 738647
73328 122093
577555 576665
567060 569197
120026 73328
588925 572011
680775 680013
83924 84400
572583 570054
723297 722957
819933 817158
679474 673086
819933 821189
678496 700378
623933 577830
720275 722384
584478 583707
567747 610561
578229 624053
107968 74918
106157 102530
621950 618250
611172 610281
102574 105914
720360 721939
592017 580388
628874 600110
895013 895456
90370 89475
678532 673267
449356 450176
104652 104402
591345 569216
670514 669361
92682 74918
739679 739672
623848 610281
108361 110202
106548 103728
590094 105914
819933 820380
770311 773124
421308 420320
101966 101619
771687 773124
606534 607736
98415 96692
592604 595172
667415 667279
572011 572597
86274 124394
81689 81025
819933 817106
85315 83075
721751 712991
598227 600930
93662 101702
943806 944200
607105 608279
116240 112511
617552 596365
598188 600431
677952 679474
610247 567985
618334 619858
616777 629648
434645 460646
109117 111060
821428 819933
96692 99040
672536 672651
836963 835717
421373 425982
3230 2482
628874 603059
624285 608674
700378 679423
567985 575841
1017644 1017614
577028 577989
716513 715899
608992 567933
672536 673198
610309 624609
85683 104666
592394 105277
567884 610561
630526 600930
796061 799090
584488 583707
435780 436998
583886 104361
581764 584136
408784 426256
631843 603457
102322 93662
624326 610281
100295 100727
116240 731816
598188 601044
723317 721453
597772 597244
570054 572359
577862 578548
629041 620952
952339 957007
670514 699543
629536 602472
631617 629092
216206 218423
336007 372526
598188 628077
434629 460646
679474 679293
630148 602323
726468 721030
723317 731102
84400 114925
122719 117482
602676 598188
88965 119268
108941 108361
733576 715975
681963 687327
323640 325873
629477 629092
119341 119268
583813 104361
533932 547553
852173 852261
354545 356025
629536 613772
627949 618334
94541 94015
730554 737393
603657 631843
943806 944194
572299 570054
598457 599507
569496 572711
601522 602816
713630 713546
696636 697926
621950 627710
595972 598188
816750 819933
21277 11833
603138 628184
602004 628874
894888 895456
108317 108361
576864 577177
85315 82449
576864 623765
602848 629854
123613 73259
85315 86322
97599 96285
713233 714723
570054 572269
572711 568963
624169 611081
580751 584596
621950 623268
664560 697333
115686 75298
1027844 1030020
581497 583707
723317 722344
601010 628152
626511 600930
567113 595172
572864 576346
120222 94541
724181 737783
47455 47266
1067643 1068214
724181 735336
119716 80966
578229 577663
624169 611014
580751 583703
585066 583707
101619 102544
100727 96452
583467 581610
119268 90684
627456 607384
220974 218423
606679 568113
624169 609352
516017 509226
591289 565950
90445 75298
676407 676605
607783 627456
85683 119147
457952 458078
