80772 122972
751805 746374
712991 734017
628152 628499
773124 765416
105277 90844
570495 576346
806012 802977
444561 446283
85683 119403
73993 85315
577830 572633
213361 218423
604154 600930
603051 600504
723521 724181
671083 670514
602848 611408
567060 592298
419908 424476
716260 732193
619017 622334
622145 617552
105914 102001
602848 630988
598222 629092
959487 955131
688332 687327
626816 624631
777393 786984
580751 584975
625067 567985
117523 78446
608771 608279
576153 578548
346853 348457
627292 626816
104652 88691
91239 75298
585582 90831
576665 625255
94541 75757
858530 860890
627771 620478
578548 625408
684209 683443
573023 570054
113287 119268
116528 116033
600504 627303
422744 416087
91476 114715
624016 567985
585582 120362
584770 583305
819933 823909
93341 105914
572984 567060
116378 94541
610561 578025
602323 614125
596691 629041
608674 576528
678625 680063
584881 580751
668721 670301
570054 587407
812250 819933
325873 329715
112712 583467
78879 116493
595710 629092
850542 846426
576665 567897
103354 105914
451600 457952
578548 573525
722623 721030
603411 601522
104361 123369
603668 626449
584770 568861
572711 578168
629184 628152
116807 112798
89475 119182
608674 608443
606314 600930
124394 87523
94709 97599
720818 730554
594889 566932
457952 458745
726407 723317
79531 84208
956327 954947
584705 104361
117482 86787
777393 781264
628152 628101
614279 612748
626101 624609
97599 97910
572711 625165
608483 624609
736676 724181
325873 323301
117482 84604
96462 91852
572748 577830
613633 618805
594889 593377
591289 568434
574288 572011
725042 719460
603542 598457
716077 717058
89856 85683
806012 803846
589863 105914
76423 110823
738199 718320
85683 116720
719624 716513
566214 565163
572897 578229
84073 84208
91724 124394
572011 591832
536018 543885
115709 76390
104175 584136
408784 550943
720798 733576
352039 356025
618074 597244
603539 600930
747314 746518
105117 85683
578229 610266
608279 631397
585009 581639
572847 567060
578974 606679
93281 104652
605926 600930
89891 85683
86122 124394
566127 592920
614375 614609
571207 577830
602323 629348
603138 628163
84208 79592
578548 572115
94335 85315
816212 819933
85367 76660
100349 93662
715485 716513
568003 576864
569086 594889
572227 576864
124394 95312
728804 724181
86258 124394
578014 624169
819933 824082
806012 794784
120170 74918
516017 510933
84248 78879
122972 121681
601232 602848
572654 577830
682789 687327
714704 738199
586318 584770
574321 570054
72959 74918
73259 74108
218423 230643
576864 577526
624609 576860
94541 73366
353948 356025
85367 86726
91067 114944
600930 631640
581059 583707
576864 578497
97921 110823
614609 615523
723317 721037
674914 676605
547968 554029
588139 584770
733546 732193
580751 119142
576864 572689
595943 600504
85983 116528
80933 89475
846397 850011
75680 94192
110823 97829
572984 576665
567985 624410
626449 599008
614218 621950
100037 88393
89475 81042
728503 728337
78619 112798
584795 104361
665305 697333
94662 77895
93947 585582
595094 591289
610281 591419
738647 719643
74335 75298
95387 100037
575615 578548
541926 543885
97599 87941
85033 89321
569495 576665
86421 119645
600930 602984
606679 567838
85367 83502
597024 631073
626603 600930
100727 101228
112758 96692
110405 108361
617778 618334
695904 667415
117085 75298
612748 612646
576864 569988
76786 109117
104361 580771
721624 730554
584136 104498
612748 610641
606382 626816
737643 751802
91067 84813
735342 738541
723317 730777
716674 717058
610078 610561
751802 741106
576864 572792
104185 123292
85683 581634
460646 433679
723317 734159
719243 730554
724246 733576
668288 944153
75298 73750
108087 74918
591334 567064
944983 943806
600930 611841
604877 613633
605189 614609
587524 583707
606679 609524
119268 89225
118700 104361
616697 612748
686699 687327
796061 805489
610281 625122
84400 86827
583816 104652
102474 105277
583071 570054
587640 584770
954574 955131
570054 588173
78879 79768
581296 573841
733576 735003
576864 609236
78446 117713
583467 581965
724181 713985
117811 114715
21277 10239
577867 567933
739863 740023
81485 112798
957963 957007
84373 78879
583707 583606
567060 572261
715503 732193
94541 107561
602848 604384
547968 537324
115648 105277
738647 717960
724633 724181
612929 629648
116302 119072
97599 98274
589858 572011
727335 733576
114176 107107
89475 122011
97855 76390
148981 154528
958966 952508
77895 110594
923670 923062
218423 220195
568716 572711
627883 608279
325873 323558
624179 576665
74223 78879
83831 122972
77940 110823
419372 421308
628681 628152
92927 85683
585009 573601
109117 729726
591289 580427
568281 591345
626128 614108
608674 577035
591996 585009
619325 629041
581932 581347
427657 421373
819933 812247
75680 110440
73259 73132
581232 584770
610281 577896
743424 743475
600855 629092
96692 98065
104361 584628
116240 723931
594659 565163
609118 625120
109117 77200
365738 348457
610069 610561
697926 671823
610092 567985
592017 591931
621950 619695
576418 610281
89612 122972
670301 696248
923062 130528
627314 626816
568256 565163
114715 122910
603138 628298
118126 123292
627548 626449
95628 100037
717200 732193
567933 577164
722524 738216
575871 578229
732886 728503
78446 76957
605169 621950
112798 116262
688334 687327
625110 567985
76390 113728
676605 674521
567985 578147
572711 576904
578229 624277
680464 680013
103223 85683
733576 715137
578548 572488
677450 679474
850542 845778
93798 104361
89475 81510
101619 585589
614609 616738
105914 102083
897745 898062
85683 584506
94541 75842
153642 154528
591345 572233
85683 89823
725835 730554
218423 221802
104652 90787
583467 118394
605312 602323
604831 614609
697926 697911
621950 616549
216082 218423
584454 104652
576864 609069
445375 449356
104652 92990
104361 105402
74918 85543
566160 565163
122157 124394
115612 104652
693734 680013
858530 846016
105320 104361
575659 578548
631112 629041
605668 608279
85683 92407
796061 794971
720330 721939
89475 90632
356025 348371
537421 547968
602258 631843
105914 93811
75298 76445
576346 570847
75680 76521
679681 680013
784695 775931
77895 97830
615832 610281
725042 733535
737472 733576
611296 610561
609818 567933
543885 547220
719955 717058
83171 78879
96553 124394
626816 606594
742045 763950
325873 325552
117482 122705
419422 421373
680223 673267
76548 107107
97599 100427
577830 575948
626128 615622
13697 15434
619063 617552
218423 214597
567985 610078
726971 721030
565739 570054
626816 611191
615387 624169
624609 612750
624988 578229
111469 109117
664268 944153
604474 631843
565163 582054
600504 631688
570552 578548
606871 605805
614609 629225
606679 576218
738033 733576
589057 105004
733576 715430
116506 119716
103212 89475
115518 123292
581835 584770
565327 567060
435632 436998
572384 576665
610561 576086
944153 664511
592017 582264
680063 678196
96462 94413
625906 592920
583304 104652
960482 957007
83554 84400
574117 581296
611876 599968
673446 667415
356025 353614
107336 116240
85367 83465
591334 625587
449356 451194
602358 603138
570054 574808
582724 581932
511118 506826
591288 572011
610561 578118
84208 80791
115649 104652
107107 113944
952278 676605
623646 601522
573130 578229
592932 591334
587687 581932
631450 622334
715813 717595
687327 682793
618571 614609
116528 82088
629923 609993
627939 600504
572996 576346
567060 570739
108361 109876
449356 450186
733446 716513
88477 100037
81674 119716
920885 923062
668855 697333
606501 626816
612925 614711
599714 597024
96462 95165
592355 594889
85367 86454
80934 89475
587817 572011
570311 572011
87151 96692
626816 604006
603846 600930
87884 85315
619223 629041
103160 123292
629648 626076
604265 602848
578347 576864
353602 348457
101951 106548
588132 584136
583558 581932
585013 570054
629041 621704
597024 601014
116188 114715
106548 102105
96462 99260
743424 743848
83978 122972
568589 581296
570054 566301
218423 216085
13697 10181
421308 420710
570054 576692
107107 107491
116240 736527
730554 715993
628874 600172
74558 107107
106248 105277
114715 118407
510918 506826
89475 122727
746636 713546
724181 736788
587617 583707
606971 600930
578229 577518
778457 784960
602442 618334
723477 712991
81945 85683
567933 576024
721030 725272
597343 629041
117580 80059
109759 107107
104270 580751
847096 847465
85315 76519
356025 347546
427423 422842
587834 570054
566127 591289
589736 581296
607404 611876
618334 605258
568450 572011
598488 600504
609910 610561
109399 110823
680063 679833
730554 719044
92928 104361
802056 790596
621846 622334
671911 697926
516017 508916
334290 372045
611876 603225
946649 957156
570054 585113
592017 582638
957007 950787
712991 735377
602702 600930
585009 580820
607849 610281
587969 584136
610181 567933
796061 805385
421373 420454
581780 104361
673457 697926
567985 576238
945284 943806
610265 608279
673411 680013
567032 591289
954947 956708
104652 103405
577830 569859
75298 85427
80455 123292
603358 611876
569017 572011
585687 104652
85033 84327
108361 730004
608350 611876
92656 102530
612748 615849
568042 576864
576864 571041
622351 624169
959425 689551
78879 84010
751608 751805
112798 86303
81430 89475
747732 747735
610281 575849
667182 670301
117482 84563
625556 610561
742043 763950
551330 533932
148699 154528
50791 50909
625120 577459
581932 580870
583467 105483
568964 576346
109409 110823
664547 959425
620123 617552
739679 739464
725293 721030
731323 116240
84208 122978
617552 618855
738541 732554
594677 591334
90901 85683
746561 751802
100398 93662
609993 610419
218423 211486
601821 598457
75680 94657
611876 612899
622334 619277
673267 663079
84393 119716
599059 597024
594847 614609
520322 547968
628929 626449
107107 87888
796061 795247
567553 610281
73328 106950
213356 213266
576346 573077
602848 631051
725042 716500
85553 75298
724073 738541
101813 106548
610561 577923
618894 622334
679474 700505
123292 90032
577119 578548
605805 606911
682994 679474
621950 617531
121681 81025
240964 213266
602848 603304
682617 700378
606679 608322
570054 572437
608302 606679
115621 85683
597024 632040
584136 580486
607138 629092
339254 372526
778566 777393
96462 91873
570761 577989
75458 94541
776424 777393
583206 85683
115209 84208
594889 594392
585162 581439
567743 576665
716491 725042
819167 819933
621950 619146
667415 672042
612951 626128
89475 80866
576524 606679
122506 110823
574378 578229
576864 609102
670301 669528
605624 597244
600460 601522
600930 607920
103502 104652
784960 785552
344016 348457
591289 580182
591289 580563
100037 100323
578776 606679
117124 94541
584136 580461
116528 115383
713030 733576
116240 103098
421308 420685
599156 600930
107107 121031
625085 567985
578763 606679
716513 718136
631843 604321
116302 116871
571228 570054
92809 89475
100727 101205
85253 107107
625120 578199
601726 600504
213305 213266
75680 73189
588135 585009
576508 608674
817571 819933
603138 603799
514445 516017
626128 613482
774350 775931
446729 446283
92828 104652
110823 121219
81366 85683
567060 570272
576665 625320
592920 593108
152979 154528
118706 89475
578229 624517
104361 581837
567985 576552
610825 567933
100727 95995
572711 568868
112798 80757
86716 75680
670697 670301
119268 93751
81025 84247
591289 568295
591848 576346
106548 101585
537840 547968
105277 106207
598457 600715
629992 626449
117308 122972
585009 571495
623954 624609
104652 591771
112798 119245
427423 422892
80748 78797
608279 599360
582826 567060
90612 105004
592920 573170
567985 576793
565240 591345
715813 717144
86769 85315
576864 573220
86196 74918
717058 718158
75298 76459
573097 570054
923062 921924
589898 106548
591334 626289
85683 81579
572011 571025
82441 75680
572711 579067
610561 576229
591289 566939
591334 564999
124394 96867
600532 597024
624169 578033
89475 90339
570672 577830
430695 455261
823587 819933
86608 76390
80841 80059
904808 897745
114715 88776
796061 794439
85683 123350
720370 730554
618334 617355
610281 616131
959425 694826
90613 93662
576864 610797
507552 506826
615909 567933
581329 567060
725042 725685
85033 122861
567985 609794
581088 585009
716854 725042
626128 604681
608674 575931
687327 686177
570580 577830
105004 92800
581481 85683
948527 958966
664232 943806
119716 122919
112588 80059
587607 584770
117482 114340
943806 668558
13697 11127
607357 611876
91604 122972
73259 113767
104652 90653
615869 625120
672536 673268
629648 615866
76952 110823
627856 570054
15510 21297
717116 732193
584995 581932
121133 76390
601313 598457
423923 419908
956894 943806
75204 85367
896835 895456
567933 595259
101147 97599
124394 76710
77895 112062
727591 724181
584136 581174
730554 730752
673159 679474
589115 102530
131319 923062
570054 565608
506826 511196
119716 83516
730554 720242
577830 573319
948170 946649
819933 822615
85683 123418
741447 741415
603866 597024
84400 84132
611876 600686
109117 729985
572011 587269
119645 78728
567985 578766
565163 582116
15510 8697
213553 213403
895456 903008
619811 621950
102217 105914
104361 90240
116628 116302
116240 727905
611876 626960
592920 565818
722440 723297
119268 81069
419549 421478
90485 104361
574415 570054
946649 944799
819933 823950
577989 623929
576864 603365
572691 576346
683964 944153
608279 599645
629536 614723
584136 90015
76390 97718
622496 622334
117685 119645
897745 899562
742279 742857
672112 697926
85683 581531
819933 816446
607461 626816
577989 572181
899263 897745
581085 584136
96692 77527
112958 122972
122904 114715
576156 570054
515422 516017
217782 218423
587226 581296
117219 73328
578174 624609
568952 576665
104652 93083
617552 620856
100249 100037
582759 584136
85683 81955
957007 950898
77427 107107
685003 687327
952319 957007
89475 90036
614711 614347
572711 566783
819933 814763
960576 943806
597024 602256
90850 89475
567757 576665
416820 422744
573735 578229
598457 626582
614711 622293
72860 76390
581165 591334
571258 572011
727351 724181
