621950 627052
94381 110823
629440 576864
600930 599177
74991 110823
73259 79042
75680 117323
597940 597244
619451 629536
118967 122972
82022 117482
95378 77895
616860 608279
569680 584770
598509 628152
84400 80653
952123 946649
670591 959425
118231 85683
567060 568114
82785 119268
117301 116528
596145 614609
585009 571829
701880 680013
610561 612268
626449 612255
105056 123292
665777 670514
583707 582585
93662 118587
584468 591345
592920 581758
629092 608316
589751 584136
626816 624414
74918 122436
628893 611876
679474 682166
110413 116240
86622 74918
763063 751802
629234 578229
576665 588572
93982 89475
583467 119429
585009 571609
712991 737384
722535 730554
570054 578450
113649 738541
581439 105966
609993 605809
581439 570156
123227 80059
602848 631950
733715 733576
93303 100727
105277 89628
615999 577830
584763 104652
348457 344673
582622 570054
713546 751863
601522 618210
583707 583113
584136 582815
713753 713546
733576 716483
722384 718027
894667 895465
717958 721939
565163 568852
724181 110997
585582 120624
628152 631706
96777 101619
584770 90580
584490 114715
732090 722384
594889 570120
665852 670301
99485 93662
587786 104652
578587 624169
79183 73259
584770 90855
585167 123292
611876 600588
777393 776068
85367 119978
85436 78879
951346 946649
85683 112837
611876 608046
725179 732193
584136 569317
112821 78797
117482 89203
89891 102530
666171 670514
566644 585009
631623 591289
567933 579169
584770 572995
105914 590311
593133 570054
719549 722384
80901 78446
114643 104652
609866 576665
105277 119101
85683 585204
85683 123783
80395 122972
600930 602372
576864 607830
575964 624609
608279 603683
105004 581562
89475 122041
348457 350743
95746 107107
613885 629648
586786 583707
738647 732233
114715 79159
714620 714723
103723 104361
570900 592920
624169 608353
115341 116302
81005 104652
94541 74870
118284 580816
77895 108595
584136 89838
600504 632045
81086 123292
440682 446283
600930 611493
116240 729391
574787 577830
80224 123292
954947 946357
449356 438395
681138 672536
578864 567985
736122 733576
603138 615626
588157 581932
606679 626046
576742 570054
592968 581932
680013 672640
75298 122204
569616 572011
120879 109117
613070 600930
458914 455261
572701 610281
78446 81850
632130 567985
114715 115265
105914 587303
106733 74918
584136 566615
570054 581567
623216 617552
607467 597024
218423 216074
104361 580519
721030 732354
115196 119716
567060 587946
114924 105004
697333 663581
83532 94541
687327 680201
239641 213266
598457 627496
581439 586991
584136 123340
586684 584136
578229 588083
590977 584770
96462 74916
90379 119645
607674 602848
567927 572711
93247 122972
608279 612952
600782 608674
602323 613128
712991 722515
547968 550701
577989 568635
91318 84208
608279 600909
100461 105914
624321 567060
119645 116307
573167 85683
572770 625120
615999 611876
585582 114770
713343 751802
587613 104652
570054 584062
723375 730554
103289 581439
116853 123292
722102 721939
121709 78446
846163 858530
118284 581497
606892 567985
730017 108361
610281 565673
583467 581267
612082 600930
575403 585009
105297 122972
712991 717778
84400 122770
117975 80059
107107 110640
581932 586992
715335 725042
457255 457952
104361 585289
607529 600930
673976 684209
108685 110823
121509 104652
670301 695740
122972 113788
1017614 477432
784960 784376
109117 98297
122972 114823
568360 576864
624169 566236
592983 583707
628152 612099
946649 951247
791199 806012
213266 228922
591751 118284
587006 584136
950198 954947
684209 671812
729045 723317
612781 603138
104361 105594
747341 751802
408784 408744
605986 597024
584770 580465
75462 84400
583202 93662
104361 116797
111898 116240
611876 628998
91484 84208
96692 77651
81361 119716
570054 624228
696942 700378
677877 680013
577989 625502
584136 584129
587331 578548
90712 118284
620478 596265
77895 108629
957683 954947
617552 595934
119411 580751
89614 104361
583707 116854
88817 583467
114991 89475
75298 98720
75680 728287
612924 608279
213266 220695
591334 584452
348457 341174
665656 670301
93281 583467
102187 89475
734024 724181
715115 732193
81382 118284
104044 122972
3843 15274
598457 613419
603138 614812
84208 75588
566312 581296
110823 98195
721030 721766
603211 600504
89997 585582
677770 670301
584643 114715
100271 105914
571468 584136
111433 96692
572711 610454
699425 700378
608302 629648
617552 622937
353735 348457
578229 587862
625120 587959
122972 83377
580373 591345
84400 89505
583707 572547
591289 587739
608279 600070
595580 618334
599167 609993
104361 114765
589489 93662
628008 631843
572859 591289
101218 96692
86723 110823
81866 584136
606948 602848
630959 565163
604288 614609
114715 118051
619329 602323
725133 730554
81089 116302
626816 625322
583707 582766
717478 721939
846753 858530
603415 613633
94541 108952
617623 614609
608748 600930
114530 84400
118446 584770
455261 464347
91067 79648
75072 107107
716332 730554
1017614 1018463
77895 108112
739101 108361
600504 613194
672674 697333
121746 105004
594975 572711
566669 584136
726190 723297
115627 585009
368074 364279
100262 105277
738199 716013
583467 588747
943806 695056
683875 684209
621950 611983
678529 680063
602273 621950
421308 419338
777393 775968
602848 606491
585009 589643
629092 603479
728503 111650
96443 77895
733576 722016
566974 578229
91067 84709
608560 612748
372526 340714
119970 89475
617263 567985
584560 101619
585009 82047
82281 122972
611876 614141
806012 794280
105914 92570
86418 114715
565755 610561
121202 77895
567985 568528
116240 94104
600504 602329
84400 123568
679793 697926
572711 568285
593419 585009
576864 573386
75282 116240
667537 684209
592206 567060
570054 581695
626558 621950
958269 955131
724619 116240
89475 104318
81733 585582
724181 735064
775931 315302
627793 617552
608279 628497
76889 124394
626816 599781
101619 115487
627290 610281
712991 729101
123292 81476
113734 109117
96692 113937
516928 506826
625110 567060
78863 73259
958966 947111
842049 850542
572471 583707
78446 82155
608279 612829
597024 627674
614711 615982
721030 722816
593193 123292
121502 80059
614711 619846
623654 626128
576864 587824
348457 343066
725042 720336
587284 578548
714723 747529
122972 79952
76390 729958
621931 602323
606781 610281
738541 121035
610555 612748
122972 93754
742195 759756
540684 543885
119268 591757
89904 123292
89415 78879
75680 123523
584770 566895
91067 89550
623731 626816
91023 117482
107107 74853
93662 589343
739679 739602
338624 356025
616458 567985
116240 112019
670301 683941
610281 594334
726255 725042
624609 574119
94841 75680
588732 581932
73860 117482
84400 88204
697926 671236
573944 584136
608497 578229
946649 954695
567985 607667
578229 588157
419549 421618
618334 595876
601522 604841
590539 585009
585009 587265
90770 84208
455261 456830
117482 81478
565163 587481
584770 88691
577042 567060
566161 584136
105255 583707
89083 102530
588476 578229
614609 619232
457952 455222
118284 90326
98385 110823
77813 107688
588299 106548
77161 94541
116302 103161
570289 567985
570119 583707
595258 578548
578229 606139
590988 581932
726908 712991
897771 895456
119268 582890
85383 78879
581296 566676
440308 446283
697926 679720
75690 84208
717058 725932
212937 213553
738199 733631
75298 109865
104834 119268
947042 946649
627476 629648
737952 116240
84400 81413
81317 584136
697333 944482
836963 857109
723297 729071
116240 74051
578548 604444
572970 608674
446283 438539
724858 723317
603784 614609
578229 611170
607464 624169
606031 624609
104361 571264
583707 583054
606679 574253
74209 122972
583194 591334
585009 90851
626911 610561
118595 80059
614609 611004
73115 117482
573379 585009
81025 118067
613005 629536
605372 592920
580751 582906
419549 421638
567060 609881
78446 82093
954947 945551
584136 586425
584136 105387
947672 958966
622717 618334
718719 721939
596799 621950
119645 115327
101475 119268
344678 372526
110823 96995
732193 717871
573349 576864
605805 624318
623597 598457
569595 610561
52319 50791
567372 624169
567060 571316
572898 591289
588785 577830
625474 578229
601522 602416
581439 118320
568672 578548
617552 613626
356025 343719
729409 722524
610970 603138
959425 670439
447667 457952
584136 90359
606324 610281
683522 680013
569545 591334
119716 90713
738609 723317
89969 117482
90238 117482
604601 611876
626687 617552
227555 213266
615221 597024
120317 585009
625555 567985
591928 104652
101619 586741
102530 583262
86177 77895
113360 584136
114715 583814
668476 944153
86663 75298
719145 715813
586783 583707
112798 93652
580751 565721
625676 570054
608279 603718
583467 591505
85367 111950
572734 610281
611876 631036
123065 105004
670662 700378
616349 610561
583128 583467
737044 730554
605438 608674
213553 221159
696632 684209
73328 75756
123662 116240
85683 582703
89475 106163
618273 613633
629041 596667
847257 850011
85367 84154
721030 721330
688354 680063
85367 84650
601462 600504
581439 587819
612888 597024
583467 92932
89475 117812
670181 679474
348457 344916
112798 78270
592263 580751
591586 591289
213266 228675
679474 696371
679474 670005
109040 728503
577522 610281
506826 512035
573104 585009
122972 85060
583707 582351
624169 616700
736060 723297
590277 584770
95148 77813
78879 75219
723726 109117
464801 460646
572011 591435
119594 78446
672009 680013
712991 731724
600504 630625
812463 819933
602391 631843
686041 685420
584770 570925
105004 587880
603138 599040
715133 722524
122972 104723
576864 573664
716513 738067
88830 78879
567985 592263
414396 421308
615612 603138
583467 588544
573313 610281
74918 97978
578548 571572
787665 777393
628152 628941
594889 600777
611876 615586
576665 611202
610245 600504
572711 610249
611876 613617
108361 728849
76011 73259
959425 671317
608210 610281
605993 610281
79875 104361
582806 104361
731932 714723
124394 82284
577830 595105
725042 730447
576346 571510
597024 595591
581149 594889
586711 585009
583467 123704
946649 956912
445198 446283
571478 106548
584136 569761
119716 114183
79840 78797
116240 77675
729732 116240
742857 761731
109920 724181
673267 695846
119659 84208
75029 116240
664895 680013
75680 97210
618279 622334
721030 719121
584136 118334
90904 112798
623596 631843
581439 592368
588514 583467
602351 600930
733576 730846
583476 118284
947686 958966
72749 89475
608279 628935
603138 632251
609194 591289
677147 957007
605455 610561
737525 723297
681597 700378
104361 118148
621950 596014
587865 104652
576864 566331
722384 719854
735116 723317
599168 609993
110823 75456
587105 570054
700378 670332
584136 92615
567542 577830
602990 608279
119645 122885
723317 737598
586845 581932
568867 624169
567985 594710
105047 580751
719315 717058
624609 577465
568873 591345
602413 601522
667415 695238
959425 668254
722524 729448
599332 620478
348457 339641
80430 584770
541033 547968
576864 575133
584136 593211
605675 609993
731806 94541
90188 116302
106548 104744
448769 457952
576665 611209
47455 64225
92773 116528
595533 597244
614609 601343
584770 573951
715946 721030
577830 610138
348457 350482
84400 113760
213553 218644
84400 85331
462374 455261
79007 89475
850011 848161
614956 624609
573504 584136
104361 93815
101204 104361
679474 672252
732449 738541
585009 585503
608279 604382
582257 580751
76256 108361
598838 603138
576864 615787
673513 680063
580751 104906
570054 578133
680063 672569
616133 576346
81025 83458
586528 584136
576665 610834
582286 580751
624810 576346
672453 700378
73744 78879
106548 90603
614609 618908
617552 623319
122972 83210
609349 608279
628152 632141
104361 106089
94541 110486
115804 105277
578548 611260
595130 610281
571039 610561
568350 610561
614609 618810
565109 106548
94541 728905
123292 92977
106548 585606
91067 83819
93840 114715
74341 78879
586549 106548
603604 598457
576864 586241
110823 94735
97599 76742
96692 75052
114715 112620
584136 81881
600504 613179
583467 592303
74918 121263
585582 90587
105914 586937
722524 719368
581439 104487
600930 602308
609993 566547
584473 572711
100380 96462
595611 597024
116240 721605
77813 96427
606679 570627
119716 82081
605630 570054
947613 946649
697333 669751
105277 113457
698979 700378
570431 610561
584770 90742
84400 81098
960678 670514
724181 108554
585582 589637
605818 567985
108712 724181
721939 718730
77522 124394
122618 84400
110823 95183
578249 608674
591733 585582
566374 576346
118812 119268
114715 581632
122972 104849
715660 725042
625120 574428
847465 846691
728473 116240
603994 614609
84400 92415
76390 87519
570054 595264
578667 624169
572759 584136
581658 89475
81025 84820
630844 602848
122494 104361
602848 612083
73133 85033
543885 535812
89276 85683
80294 89475
105780 104652
73873 84400
587653 104652
688164 676605
598224 608279
572882 584770
685303 680063
95719 75680
107107 109893
628347 626816
364279 372586
796061 810202
724181 121309
567015 578548
611876 613575
679474 700682
445666 446283
356025 346424
582834 584770
734774 723317
730554 717005
731594 728503
580818 118284
861845 712051
725181 717058
85683 91360
80059 89485
105004 92278
100037 85354
622334 617975
574028 104652
118284 81883
728241 724181
584136 121685
595285 565163
1015344 1014888
583040 584136
617552 597873
624609 630250
626449 632273
581685 591334
738684 730554
589051 106548
572179 578229
613633 628259
621713 618334
585009 589565
589962 583707
610922 611876
603351 629536
713723 747314
592954 591334
583467 565432
629648 610723
89518 584136
673292 680063
104361 592241
117482 81537
614609 602144
581810 591334
211353 213266
952598 676605
585582 106031
603897 598457
674889 680013
584136 582575
614711 602471
609993 612981
622544 629648
612227 631843
93662 592848
720660 738647
566658 576864
616161 577830
107665 724181
86153 100727
592920 567621
738581 730554
73586 116240
585582 580771
726971 724181
588001 105914
120360 114715
598457 612040
614711 616189
697926 671546
583467 81455
629648 621855
595240 610561
572658 624169
85367 73385
