614019 600930
600930 627677
85033 90749
93662 79912
441339 446283
608772 578229
618837 608279
568335 114715
565046 600504
118284 573687
105914 570355
63742 47455
612004 567985
624021 106548
577830 614917
601253 629648
592644 122972
97599 589397
725042 737641
738820 110823
736459 108361
671269 943806
82738 583707
84507 96462
576346 606902
715687 724181
89475 580576
588735 85683
96692 106412
581296 92365
82582 112798
104652 571285
610368 629092
110823 721297
104361 89374
73957 724181
565163 615611
578229 613740
91067 82081
565163 575883
84891 94541
110823 117395
372526 349981
331773 372526
738024 94541
597024 625780
751532 714723
12300 13697
110823 84195
585582 586961
730278 723317
603427 567985
84400 83025
943806 691707
629471 617552
105790 118284
106548 97185
598257 576864
948319 954947
581037 610561
716710 724181
89679 85367
592574 118284
89475 123826
100727 110009
98134 85033
75298 727614
943806 679457
602626 567060
104361 577369
580543 578229
567985 595879
620478 614395
605805 568182
721244 724181
120464 105914
104652 591949
419758 664492
73680 728503
108953 712991
946649 678854
597024 578114
591289 576668
106548 591756
608279 566105
106548 572470
100214 94541
83991 585009
725756 724181
677429 959425
610561 609333
15274 11423
581440 576864
577830 631530
122735 94541
117881 585009
84400 113322
592339 585582
110823 114736
629648 570541
629708 600930
570375 608279
584136 598517
580751 566089
569424 102530
600947 613633
681761 680063
585009 80907
600215 610561
117621 104652
1017947 1014888
93662 84131
684209 676831
116240 91965
567067 118284
85068 78446
943806 679243
106548 569035
115807 104361
123292 580388
590322 567985
632091 603138
99210 94541
585009 576352
738541 109460
594980 584136
82712 118284
455261 434513
591334 577365
377472 376486
629648 626431
610561 605839
116240 84485
576721 626449
712991 109827
718292 721939
607994 578229
610434 629092
89475 117603
618481 620478
667415 680246
117482 97758
94541 96599
600667 578229
581439 578772
565163 587731
605538 614609
724181 86220
123292 567387
117412 109117
576864 614498
664073 680013
106548 570593
577248 608279
106371 584136
610561 602178
666188 944153
567985 579646
372526 354411
744229 741447
614586 608279
591289 574257
116240 98300
584020 105914
693881 684209
600504 565473
951223 680013
716691 723317
91893 109117
629536 625084
669414 684209
684209 672992
585009 112754
113656 712991
697333 683547
565274 600930
92196 91067
715813 722502
578229 629466
110823 83797
603782 577830
88374 84400
582844 610281
102632 123292
118284 106445
342523 372526
573312 591289
617552 628628
631843 576540
573596 629092
84208 93136
106548 576449
567494 621950
113256 108361
574487 591334
122972 72966
625429 597024
84543 116240
574606 105004
99946 118284
601226 618334
584136 83970
101421 89475
578229 623021
81025 106043
585009 106204
587886 610561
89475 106078
93662 565725
100727 114252
622412 600930
614772 600930
89475 583041
956544 954947
84400 80190
100720 104652
101818 78446
714304 730554
588558 89475
455261 430917
624609 566907
603138 597500
565398 600504
573826 106548
605099 610281
106554 570054
614609 579067
584882 119716
377472 378505
13697 3931
567773 600504
112798 591944
120092 116528
106548 116479
89475 99058
99899 110823
75680 84072
119487 85033
105914 120733
607581 572011
614470 577830
615871 617552
578229 587653
663081 419908
570312 600504
733930 733576
113270 94541
669918 684209
621961 576665
680063 671361
116472 580751
624609 591914
89475 73505
95409 106548
610281 602663
106548 569052
91860 106548
684209 682499
118284 592271
105841 117482
583635 591334
83413 110823
110823 120085
97649 104652
581439 567316
712991 716041
591334 612510
712991 111183
79833 104361
614762 578229
73105 118284
670206 684209
122136 581932
104652 96560
727655 73259
117929 585582
675394 684209
93407 584136
123292 586650
576611 597024
570054 82075
586522 93662
736989 724181
629092 616156
570054 104085
84400 81131
113463 591334
123292 101179
84208 122019
724181 111637
716513 726645
591334 574225
104361 579186
591289 585465
600504 614998
578373 104361
713341 730554
716273 712991
85367 108253
603773 591334
614732 610281
724181 116016
629041 630050
123345 85033
108372 100727
604235 591334
733504 751802
600504 630157
603486 624609
694029 421373
89475 122046
629092 590964
588181 122972
680063 696029
572757 600504
565780 106548
668774 680013
584136 100696
285162 298305
578229 591594
696557 680063
119716 76324
608674 601135
567146 584136
958966 681976
117023 104652
92138 106548
601051 613633
712991 109242
571144 584136
122972 102579
614218 608279
731605 712991
577634 594889
735762 733576
589135 122972
97440 122972
102285 119716
110823 124373
591289 624434
610561 585955
115651 567060
600504 627704
584136 567918
82082 106548
733576 722702
949341 676605
114780 78446
713441 716513
686772 958966
608279 573861
630235 614609
458660 449356
104652 572758
591334 105047
684209 669211
600504 613603
958966 687844
669502 684209
610281 587036
713546 725112
763199 742195
567060 589977
723918 75298
629092 618657
110823 736025
577817 613633
614473 572711
100092 89475
943806 666546
616570 629041
95335 116240
106548 73163
600382 591334
695461 946649
102530 120483
118217 80059
101348 84400
605011 600504
621824 629041
575956 104361
722524 728241
585582 582836
613701 567060
600930 593002
592017 608717
372526 343259
591289 585440
610561 630456
572734 123292
96692 589184
610561 601631
118284 572017
624763 585009
625376 613633
567985 623186
610322 600930
730554 730130
81786 100037
721980 116240
585582 82644
591334 115679
600504 566939
585582 579759
728805 94541
95487 85033
697333 675887
86003 94541
65473 47455
590288 114715
8589 13697
600504 568770
591334 92891
624609 570431
723317 108874
118616 584136
629092 570753
721030 714944
566186 581439
105914 569780
76819 724181
123292 572702
106548 80166
629041 613164
721030 734297
93692 84400
665480 684209
73352 84400
106548 582838
82623 580751
569598 118284
83160 100727
582748 608674
123552 96462
575420 629092
579600 567985
610561 613259
669684 679474
583467 569644
680013 676755
841715 836963
100037 81152
592506 600504
105914 573264
85033 92917
717385 724181
629092 618991
96692 93274
583650 610561
73259 86901
597024 618698
579010 629092
745002 298241
616149 600504
94369 84400
581932 571195
568580 106548
77813 106843
116240 723125
600504 629578
85227 110823
113546 721030
95058 738541
84400 591747
79582 112798
718025 714723
698867 697926
739016 725042
446283 441494
610561 613294
584136 114206
680063 686937
116240 83753
610561 582370
574512 583707
87653 91067
608279 570081
610671 608279
610561 571954
76932 122972
573684 105914
97599 92417
621265 603138
684209 682748
692886 685420
111198 722524
573312 584136
120857 84400
572011 611008
590274 123292
124190 84400
617552 601402
77105 119716
629772 591334
595899 620478
114715 86594
113463 105914
104361 566803
117482 94913
586281 591289
82444 112798
122972 85522
589488 123292
602672 608674
101991 123292
722823 110823
613633 609059
569408 629092
121800 583707
592156 104361
943806 679154
571864 565163
629041 628266
631843 567229
84400 120638
588927 567060
858530 848558
944153 960094
608279 565520
99345 109117
616665 577830
591334 571537
92294 584136
576665 592093
121243 724181
123292 82676
610561 628037
684209 683141
574445 583707
588798 123292
895456 388132
576864 582570
105277 117538
613633 610051
591334 608300
96462 104848
626009 584136
583707 566693
602723 591334
603138 618934
585253 610561
100727 88760
83814 585582
124125 110823
104467 591289
618657 620478
570054 579621
600929 610561
567985 571277
611876 609336
583707 593059
667023 679474
681767 684209
723317 737264
76390 724685
77387 724181
617552 616656
106548 117940
99042 105914
566325 629648
625630 576864
943806 951866
123152 84400
580339 572011
105914 584799
578923 611876
109696 724181
630312 567985
578548 585181
609544 597024
84400 106478
78059 84400
99143 85033
585009 576848
626128 630543
629648 602914
77746 722524
83050 116240
95100 89475
84400 73363
89475 94760
620052 597024
78879 118820
680063 676444
570087 89475
82005 106548
94541 100028
728503 85552
591334 615502
585009 575171
585582 587905
617552 604280
118284 581223
591289 123425
680063 692857
102308 112798
94782 85033
680013 696341
591334 585650
118804 84208
583707 573925
572290 104652
680951 684209
455261 458888
602848 620657
629536 612724
567185 608279
697926 694910
693908 944153
591289 93821
101504 85033
576864 588604
627960 610561
602587 567060
101780 80059
584136 624018
737520 738199
579316 608279
598880 597024
116240 738674
591334 610852
614609 568126
721013 110823
722524 108191
570832 605805
94541 96117
76713 584577
737250 728503
76390 724002
84400 77680
576941 626449
78797 74248
583042 89475
623645 610561
701027 697333
591334 627325
614609 627928
106548 572616
89475 72877
624609 585052
679587 697926
578229 623409
565163 574864
576346 613417
107755 712991
575007 608279
624333 592920
600504 624708
96327 104361
629092 569125
308483 775931
684209 696335
122702 105914
610561 603124
84400 115214
84400 121430
608279 577616
457952 445849
624092 591334
669178 680063
114715 106398
733549 712991
116061 119716
83671 584136
598829 591289
87944 91067
577830 614181
606132 584136
576048 605805
106548 565513
115342 78446
590962 614609
119110 74918
630867 610281
575805 629092
578528 583467
575661 614609
600504 569174
89475 74870
93662 124155
572711 605545
89475 586911
606653 614609
104745 576864
104353 567985
75298 84037
614127 608279
82721 118284
943806 681336
576665 592903
111976 73328
610281 579534
90048 591334
118284 590503
681932 684209
87635 106548
112798 592942
99426 116240
597024 627933
569102 119268
567060 615253
959425 946001
584768 89475
94541 84493
372526 343060
573394 118284
117761 109117
714718 725042
581932 103764
567985 618483
577149 93662
120151 109117
85110 119268
629957 614609
75680 714200
608279 628688
600504 594248
106548 578828
595110 602848
610421 603138
680063 701163
600504 566437
614609 578153
592017 610786
714723 734906
123292 121911
603924 565163
110823 87145
584136 594217
114715 78510
615637 600504
573721 608279
73259 730214
609993 622608
599503 577830
578229 567616
943796 419758
608279 568995
585582 570202
89475 95761
116240 722668
585009 610260
631843 566554
628783 620478
101587 112798
100217 108361
84400 116920
739163 713546
103579 122972
577830 605456
616921 576864
720610 713546
725042 732470
751805 737736
98492 116240
722173 725042
576864 627475
632176 611876
605535 603138
576183 104361
105004 592920
578082 592017
419758 664015
84208 107194
583467 594966
109117 95921
72832 738541
730554 713437
838157 859506
372526 352247
609993 574556
79767 89475
617552 597162
672536 665894
587748 585582
586337 112798
617552 628506
109117 73287
603389 629041
578400 106548
94888 724181
591334 623876
565046 576864
723717 730554
860168 847465
84632 116240
434818 455261
738541 117325
676301 670514
122972 586509
588629 610561
959425 697848
535346 547968
608674 599815
122972 73453
104652 78493
85367 108457
600504 593058
733861 738541
566795 603138
591334 117954
95894 105914
298791 747735
87553 77895
89475 94949
585582 565207
716513 713842
591334 90640
603138 620623
84400 91095
599179 576864
606480 591334
574468 105914
605805 615747
723678 717058
73328 723880
665336 672536
107133 84400
697333 698209
101619 572726
118704 91067
606962 577830
110823 727075
567060 616229
118791 85367
684209 678637
117066 89475
692329 684209
735212 722524
628361 614609
77538 122972
593219 585009
549545 533932
717058 723124
567060 579444
123292 85030
73259 77613
565163 590345
600504 582958
591334 589757
98520 724181
614609 576482
100929 109117
860805 855030
115291 96462
615035 610281
600504 569403
712991 725280
100476 104361
730554 735964
84400 99893
572513 591334
99025 84400
611876 566301
99747 104361
724607 717058
580751 577331
576767 597024
77639 100727
721030 109992
715813 721436
595816 626128
106548 576314
617256 600504
688493 684209
603927 617552
605642 597024
114097 104361
104361 97590
584136 594320
715813 731510
110823 735799
89475 96641
629648 594721
567985 583922
702209 697333
624069 580751
86592 728503
583707 79939
591089 611876
591334 610181
110513 78879
759414 751802
572180 118284
738541 94709
631843 622400
81233 85367
84400 76560
601015 578229
726278 110823
119716 123261
573320 106548
624528 592017
565275 608279
712991 718686
620915 611876
119716 583207
117482 122492
850542 848013
102220 585009
596988 614609
81025 75528
106548 574532
730554 724634
88824 584136
80059 79180
105914 592114
613929 625120
84306 580751
949847 958966
607554 617552
87921 585582
712991 715460
957007 687831
104361 84580
121621 592017
80623 583707
121969 122972
92291 104361
567060 119180
610561 630279
123292 116564
117774 104652
93718 78446
946124 959425
620478 622884
88258 93662
104361 588974
630454 608279
582205 572011
613633 593569
587835 122972
79660 584136
614609 576711
105004 114276
593573 631843
85033 96324
738541 722917
78474 585009
87759 106548
104193 84400
730554 728927
118284 84445
601543 618334
684209 687483
115463 119645
97732 85033
113324 119716
567985 583209
565163 600984
567985 586461
116240 100746
955946 946649
578229 598265
95653 585582
631107 610561
717058 736416
80059 123144
591334 632074
585009 579334
591334 587113
680013 949393
116240 95894
112798 590062
714723 741793
627202 605805
944153 695851
615900 597024
109117 722605
591334 586297
572971 106548
593076 584136
82649 580751
78446 115655
586763 89475
960440 946649
581338 112798
106548 577148
597024 617443
629092 581194
670169 680063
86603 85033
609911 565163
462054 460646
583825 610561
605684 614609
957007 695421
109117 97129
589337 89475
728192 712991
610561 580758
118284 82884
566622 104652
103239 78446
104361 101393
855828 327905
628421 597024
684402 685420
611221 603138
722799 116240
