588903 614609
78494 116240
628152 573125
122972 78105
85209 712991
621950 592115
89475 728354
578229 92903
102068 94541
101226 577830
114042 578229
730554 736473
85033 723462
106436 608279
667415 700754
78446 589500
680063 945399
118284 625462
573791 600504
109381 102530
89475 92042
102352 578229
572711 622741
585009 97720
684209 696583
89475 118077
715280 94541
673211 427423
89475 572991
121209 738647
123627 723297
608174 617552
577197 629041
617818 608279
565401 618334
684209 952721
585582 74533
80059 609647
77514 118284
611876 570111
630792 578229
109717 721030
591155 597024
110823 721277
585582 73192
84400 729630
565937 614609
713730 116240
94541 79141
582656 78446
89801 600504
608279 102062
733576 108321
594788 123292
84400 624170
609794 629041
97599 739257
584136 95373
94541 739079
104459 109117
105009 608279
629092 621303
110823 720205
723297 96074
741447 751763
628205 583707
583521 109117
721030 94732
419758 680339
97753 584136
724181 114739
100727 79910
742195 737523
712991 100227
119268 631692
82507 578229
98922 721030
114715 108808
629092 104123
75680 591441
609927 585582
576864 630123
680063 668349
579371 585582
100039 722384
721850 89475
112798 735614
95441 78446
84400 573164
716951 85367
746664 712991
588146 614609
84316 723317
81825 600504
96924 112798
96759 724181
80141 624609
589370 603138
584136 611790
119716 593336
730554 76880
84400 625008
737788 102530
724181 89269
621242 610561
119716 734555
584136 83419
628152 574858
85033 573684
749027 712991
943819 680013
571034 80059
92923 116240
723297 713378
111395 122972
112798 625315
94541 720206
724181 91185
78446 77216
122972 728803
110823 104616
954947 957517
723775 717058
722384 100107
680063 960529
119931 733576
591334 96970
721030 99075
308834 777393
567060 622552
585582 108507
567060 96469
419908 693539
119716 567373
721939 73260
298663 747801
701714 959425
603361 591289
608279 122121
96605 585009
419201 419758
615606 584136
89661 624609
611876 588247
94919 725042
584136 601573
419908 698125
122972 110261
75298 124136
448735 460646
725042 94960
108098 583707
89495 614609
584067 597024
747314 737221
78446 609085
578229 87805
684209 687650
120888 584136
721030 751620
85033 574359
673399 421308
608279 119423
88344 89475
602855 576864
583822 611876
734613 89475
683720 422744
746384 741447
85142 629092
611876 595852
697926 951880
571150 620478
112667 730554
460646 449788
88780 116240
78446 568692
112798 95940
110823 87365
577300 122972
116240 733529
712991 97794
584136 77317
85290 712991
626542 114715
610561 100449
715734 751802
670472 419908
608279 90034
580751 83195
758387 741447
675727 954947
103952 94541
717234 116240
614609 573885
75680 95752
89475 616032
585280 614609
84400 569281
629092 89027
628152 571687
298456 747735
573090 89475
92971 576864
606062 584136
85367 732462
619414 608279
598971 584136
110904 725042
78446 87692
92838 629648
83398 585009
80059 100506
600930 621346
89475 569607
584152 600504
620143 100037
728503 101725
667415 696031
736774 584136
667415 947821
585009 114316
112798 111934
75699 730554
112798 588711
583707 730673
104361 632398
73328 82121
89475 729385
118355 116240
112225 721939
117619 100727
113249 78446
586681 608279
959425 948300
110823 114514
108578 733576
597024 571784
565440 614609
88810 610561
606734 620478
119678 591334
620356 629092
101432 78446
20230 15510
727957 85033
100727 738529
681528 427423
118284 598785
600930 103973
697333 960288
578834 629041
614859 584136
117469 578229
110823 593168
691682 419758
600504 92436
608279 617681
608279 581654
733214 75298
85033 113522
78446 578699
629041 600326
724181 112686
950961 421308
694133 419758
579632 597024
958966 954110
85033 91142
624609 115352
721939 76011
611805 597244
591714 611876
77895 92928
721030 714266
585009 94257
682983 427423
631843 112707
101872 591334
593073 110823
674182 419908
615511 89475
78446 567784
419908 669722
116240 123206
570676 112798
100659 724181
598531 89475
588092 600930
95515 717058
591334 596745
80179 110823
74556 112798
121670 591289
104361 629664
684209 949968
567985 80588
626786 572011
603138 587022
591334 83121
578229 598068
79381 577830
122972 714111
583346 597024
751802 719179
585009 613212
109117 100385
584136 615936
603866 583707
97599 566010
75980 119645
108361 733364
565077 603138
122972 630811
584136 94632
721030 97852
608279 619905
105798 576864
622969 591334
580309 84400
600504 101496
97084 721030
110823 589941
1038823 1069082
91067 97741
725042 75685
565324 97599
612488 629041
722650 85367
116240 89872
89475 573840
739679 743781
610561 119142
944173 680063
574555 629092
724828 116240
597024 591671
629041 623607
80524 724181
108004 119268
104692 576864
611876 597946
77358 730554
114026 109117
626449 578716
87520 712991
619505 624609
735727 78446
84400 581215
712991 73464
608279 590684
730793 85033
733576 122235
725042 117222
100037 122054
112798 611181
608279 120533
674329 419908
583467 615167
113892 585582
624375 629041
608279 114200
583707 622697
725042 98323
122972 734285
76463 721939
102143 108361
84400 99625
614609 623579
629041 566666
667415 662933
79931 94541
610561 89511
89475 606106
419908 665840
93888 629092
112041 80059
724181 88010
577572 112798
99016 721030
88800 608279
597024 577282
624609 617818
733576 96676
717047 94541
93876 723317
584621 631843
573889 84400
617552 577778
608279 618301
85367 588203
103619 78446
612511 89475
92656 724181
422744 664711
106314 567985
712959 110823
584136 116101
619295 608279
598147 578229
85870 112798
84400 737761
97469 567060
116240 583736
94628 104361
585009 613712
583707 607734
738647 731790
610561 594074
78446 95620
114715 97982
106656 94541
742195 736230
593303 96462
116240 106333
103903 576864
738541 738927
298329 739554
679832 427423
110823 106162
625120 583752
566156 122972
620265 629648
106179 608674
577830 89358
571276 603138
120302 730554
100273 610561
598457 580688
97599 623947
566495 119716
597024 623480
751802 733189
574040 119268
742268 725042
88381 712991
576864 585529
85033 100863
85792 583467
85367 573159
80059 112647
576864 92881
93085 108361
581916 597024
422878 697926
751805 720695
84400 91125
725042 108475
735243 751802
103067 116240
591334 115222
949140 421373
77080 712991
603138 591722
583954 94541
117299 609993
419908 699466
103930 578229
742191 741447
577830 105556
722384 114121
697926 945144
733576 113522
607785 583467
680063 948538
78446 572932
123518 89475
105112 608279
608674 113287
712051 857655
579479 112798
723779 763950
90313 614609
583467 607873
721939 111685
108934 114715
577546 118284
79378 610561
89475 615835
714203 119716
727744 122972
721548 84400
112798 107478
684209 688123
581932 575153
575634 85033
747058 715813
567060 100240
578229 618196
597024 579329
419908 946103
667499 419758
631843 115655
855828 318394
102530 75686
629092 621468
629092 589598
573011 602323
618308 576864
684209 688916
848762 712051
89475 729645
611876 90561
594931 613633
611876 581458
101964 600504
434480 449356
610561 115077
93662 723174
583707 615361
94541 103143
80059 75115
114715 98478
591566 78446
584703 603138
960290 697926
577830 116455
78446 576986
427423 695275
712051 861414
93662 111534
578892 122972
118284 73559
78446 625457
715887 110823
717113 751805
684209 689195
111331 716513
594803 114715
611114 617552
574047 600504
581932 625487
110823 589774
117660 108361
584235 109117
725042 86445
712991 94692
419549 663832
667415 956915
112798 107342
80059 582815
715464 110823
715813 747342
614609 592901
600285 105277
722524 100029
603130 583707
583707 629643
119716 566921
359641 836963
712991 76947
568440 84400
110867 584136
742857 733715
107431 585582
83264 733576
712991 741938
603138 104518
85367 738045
714285 724181
88855 591334
618639 584136
610565 84400
593180 597024
108699 78446
84400 732804
110823 81548
600504 579366
672865 422744
579621 592017
733290 751805
89475 111330
567985 123028
100918 592017
84400 577016
751802 725840
620280 600504
80755 591334
119716 111272
676676 419758
602848 572181
607830 620478
722384 97108
583707 77173
723233 122972
90788 576864
582890 608279
843950 859506
94592 721030
566043 631843
122824 578229
99459 712991
78828 591334
576674 620478
79279 580751
75680 716100
630664 577830
697333 944831
627241 84400
945454 684209
585582 123567
671035 959425
578528 89475
629092 103586
80684 100037
959425 685124
730554 113547
602323 588582
80200 116240
116420 119268
600504 594023
567060 618989
587922 600504
622882 591334
567985 117350
591334 82347
687907 684209
592760 94541
122222 721030
585009 611422
601216 591334
670462 427423
108648 84400
606073 620478
100037 565091
610561 626195
697926 686325
419908 669717
104475 608279
86904 721030
80765 567060
626646 576864
594412 614609
567399 85033
85033 110365
730554 111607
570670 597024
613482 620478
712991 78932
78446 75875
89475 575486
722524 117376
77539 89475
621635 577830
73064 584136
617552 606530
684209 687768
678859 427423
84400 610233
616766 583707
727568 84400
77521 91067
574994 598457
116240 585719
104706 576346
692619 419758
673806 422744
118284 606153
584136 110752
79592 578229
608279 93039
667415 952296
123089 608279
573812 89475
670879 421308
106428 85367
608459 118284
613622 567060
603138 594119
584998 73328
80059 728037
721030 86449
620478 615674
737088 738541
110823 589537
567060 602455
606137 585582
611876 90656
600930 590437
124090 629092
599387 112798
90024 724181
78446 574599
712991 122261
419758 673116
97628 112798
579725 585582
585009 614213
630486 80059
114715 608308
81020 591334
86331 591334
612262 102530
123216 94541
110823 583899
97599 735142
89475 625175
113736 93662
581296 75744
109415 725042
581802 109117
671414 419908
581719 97599
678032 427423
97599 731077
114194 721030
578516 123292
589385 626449
101619 610561
578167 585582
567985 618061
119959 584136
88450 724181
578229 80107
670171 427423
112733 578229
608241 629041
87158 721030
578229 122868
112798 74933
581600 600504
723729 122972
591334 596374
712991 119381
585582 578729
721030 97599
607304 572011
124162 104361
581281 100727
78446 99584
110823 716814
105777 610561
578229 628640
729451 725042
584521 109117
716611 742195
724181 81782
608279 93627
742195 737426
591334 123243
611876 583306
114715 108417
119716 575594
82931 567985
738541 715759
106201 602848
598457 589859
117637 73328
574958 122972
629092 581630
620478 624619
580502 597024
110823 92765
627101 610561
616202 620478
107090 721939
583707 600061
123258 567985
721030 82856
624609 593544
952518 684209
123550 567985
593397 119716
120092 721030
730554 751250
608681 620478
591334 623348
100037 579520
116240 735813
585124 602848
574522 112798
419758 663079
594861 118284
77813 118756
102638 576864
88379 591334
610453 81025
741447 751830
585858 94541
583707 94662
948459 684209
463742 457952
607475 620478
116240 103641
97057 591334
584092 608279
78446 609693
109117 739200
731793 713546
605400 89475
107354 600504
579072 119716
590662 110823
106760 730554
620881 609993
597369 610561
583467 95425
93748 624609
738541 715293
95509 721030
604433 610561
102530 115858
602848 591143
739679 745244
734297 84400
593059 608279
576486 629041
103423 724181
588330 626128
777393 314562
80059 727610
598434 583707
568018 78446
588603 597024
121632 122972
79352 116240
606254 592017
591334 629544
597311 600504
663702 697926
567060 92426
80059 95293
122972 609846
673213 958966
78446 609329
78800 591334
591334 119978
78446 78091
568871 85033
736604 89475
85974 722384
429419 460646
110823 580784
734245 96462
726215 751802
723317 75446
592786 73328
576864 630135
104865 603138
81025 576849
85649 78446
722524 86026
629088 629041
94541 588223
580751 631683
591334 89559
591334 117013
738504 116240
724181 84421
584136 108885
620627 567985
614365 565163
584446 608279
591334 619753
122972 566928
86575 721030
751802 731492
670632 421308
576690 118284
608279 620424
610561 596613
422387 667415
615185 102530
614609 573804
836988 858530
582943 621950
122972 582277
684209 676359
664455 419549
567060 74225
742195 739126
578229 104893
81758 629092
721030 75378
123152 624609
619407 608674
617552 566409
88338 584136
620478 567753
116240 80770
591857 122972
716684 116240
578229 631807
577830 84341
101249 116240
584136 595344
569802 597024
116240 78546
84400 594552
571903 97599
122972 569675
573278 122972
85367 570609
626235 618334
78446 590967
697926 701095
583707 87972
631843 578618
715813 94534
738951 110823
751805 718543
610561 92315
602848 581857
629657 620478
315817 777393
116909 578229
109921 122972
730428 94541
584974 75680
589553 94541
732466 84400
725042 76671
81382 738541
102333 94541
684209 951516
82168 591334
630866 578229
595405 585009
573896 618334
739554 304244
93662 611331
567985 121732
116240 81049
78446 580142
624609 100508
102359 94541
746771 721030
112798 569293
610561 80679
724181 81678
90128 614609
100201 118284
600504 621384
725042 724049
737480 751802
723297 97457
739652 741447
85033 737885
73348 105277
108361 117546
94541 118227
78446 571752
584136 630633
422744 673361
82316 591334
739284 75298
608279 93783
76611 722524
101554 578229
589316 603138
628152 593246
79055 712991
608378 620478
578434 628152
116240 583959
722384 91926
585582 85775
727453 733576
585009 600301
724181 88796
119716 569496
102367 724181
87385 738541
858530 862024
578114 118284
104361 598159
615364 584136
614609 581584
736477 730554
104837 600504
591334 99642
583467 76750
104361 579723
672344 419758
715735 110823
109117 118426
576864 92991
576258 597024
600930 574393
121392 94541
110679 584136
713309 84400
80059 106078
625624 119716
107819 104361
78446 587936
584136 616280
617552 609651
98213 721030
576864 122106
573372 89475
629041 598640
118284 631604
667415 686581
667415 426137
629041 603657
602323 570289
618169 605805
81025 572942
118141 578229
