109117 604977
738167 626449
78958 725042
314350 773124
583748 712991
588718 717058
723297 573322
723007 105277
99323 716513
460646 439479
572012 721030
742857 95346
615774 116240
86166 751802
591334 722301
608674 97410
751805 118014
592891 712991
631843 73595
84400 598654
603960 116240
712991 103686
725042 75019
677258 427423
102530 726454
118284 111281
600930 73225
602848 85027
722524 583538
104471 717058
122204 742857
847465 712601
955181 697926
84962 624609
730696 578229
608859 85367
117988 721030
427423 950091
86698 742195
571494 116240
603317 97599
84400 629382
608279 101125
838085 712051
725042 95747
119533 624609
725042 112515
460646 448866
115766 600504
741359 716513
593148 116240
121914 717058
114715 602688
591334 735326
105526 603138
725042 570049
97599 762346
584136 597810
577830 730770
727314 592017
727396 742857
117136 624609
94547 629648
759883 740014
119829 624609
77530 742195
110823 629140
846451 712051
597244 566952
611669 93662
739837 759883
722179 591334
736112 114715
298241 299069
577830 119878
110823 593311
735810 608674
89475 600846
102530 722173
629648 77652
427423 686121
722524 89823
722524 583044
626449 97406
619931 584136
717058 116803
573175 721030
87408 578229
631843 106312
106811 624609
626449 94290
113260 721030
576039 108361
608674 82610
84974 600504
576679 75680
742195 726270
601271 118284
629115 100037
591334 729710
723317 118190
742195 98679
742857 739274
729409 763950
712991 120460
103165 712991
569624 721030
114820 602323
118284 727019
742195 95647
112798 627393
695625 427423
742195 77973
624609 99822
773124 776589
110823 567191
725552 93662
87645 626128
605635 89475
585043 722524
716206 85367
718105 85367
742195 744777
722524 113940
732372 97599
85367 629404
734247 584136
110823 742880
96462 602123
73373 715813
110823 568623
598167 110823
84400 615982
97599 607400
591334 727962
602323 99855
96727 751805
602848 121092
608674 117548
739775 747735
713546 100223
631843 76628
631843 106112
718716 93662
109117 580503
735303 608674
109063 567060
722524 102180
116240 582747
715019 114715
602323 77442
611876 120373
114715 737380
116240 586446
614119 116528
110823 578007
567060 722957
608674 108782
575574 108361
742857 74562
109888 629648
81955 723317
93991 717058
116240 577089
100120 629648
116306 603138
571873 722524
110823 606779
722524 586822
123203 723317
713546 107361
94131 751805
608279 73971
574006 116240
713437 93662
113756 567060
741447 722556
723297 115518
738462 741447
108724 603138
108730 608674
123917 591334
103531 715813
602541 93662
583707 724814
107712 763950
751802 86075
569664 94541
118284 727502
94747 608674
608674 735287
583707 601307
89475 616241
427423 687658
94610 742195
723317 80410
88962 712991
88499 626449
108600 591334
626449 723969
723317 588883
735787 93662
571977 94541
102530 737686
84091 603138
73382 567985
629092 86117
717058 122106
603138 120756
623772 109117
600504 86752
751805 98458
124449 715813
697926 959397
591334 107603
116240 608943
732434 584136
598457 80258
108850 591334
85033 609896
629092 121019
93466 722384
738549 608674
97999 742857
629092 84094
715813 110881
763950 744404
735996 608674
112385 611876
773124 304931
98127 577830
76679 600504
583707 604799
116240 577752
610145 78446
569569 712991
568172 717058
595424 89475
565978 77813
624065 712991
95837 742857
102475 602848
96509 629648
608674 119971
763950 106939
101895 712991
696104 419758
608674 113530
716247 741447
626128 101728
742857 110297
577389 109117
109505 608674
578637 75680
597244 78510
837317 712051
116240 575155
77889 608674
602323 123125
123849 626449
725042 113188
629092 110845
584136 620944
115567 722384
85033 610177
742857 739852
629041 574219
601515 119268
734765 747314
738780 742195
602848 94862
732693 629092
110823 604360
108978 624609
763111 722384
105277 725051
725831 105277
570464 110823
723317 567359
718440 118284
77813 582489
629092 115826
592017 721903
716585 583707
83091 600930
103875 116240
98314 624609
88065 742195
723297 119330
741178 717058
717775 84400
95856 624609
723317 611186
97599 609131
751802 120225
76816 602323
109117 742243
76912 629092
110823 600228
576151 94541
723297 103104
95727 742195
77078 763950
112435 600930
728478 116528
85049 722524
712991 581627
116240 568303
121733 722524
738541 104511
624609 87770
723317 83556
759883 731789
723317 103531
577608 75680
608279 80261
725042 745551
722642 89475
84400 626455
97599 595885
110823 570982
591334 112171
85033 726482
427423 953043
118284 726121
98289 742195
737647 110823
74502 629648
622660 89475
594407 100037
602848 120291
742857 73876
578229 728878
574954 116240
742857 727887
608674 87656
579686 85033
729202 763950
723297 742573
589195 721030
567985 74979
617530 96462
118284 728954
712991 78254
717938 97599
427423 676509
100799 626449
751802 110879
102353 597244
299161 747735
602848 96996
105327 715813
77221 567985
84400 730435
717058 84236
75680 609291
105015 733576
118168 603138
584136 621435
773124 310337
629041 593358
629092 95382
104968 602323
612354 108361
89561 712991
725388 741447
114715 622072
93662 620642
748641 739679
102630 626449
718304 119268
724604 118284
731650 742857
82369 742857
600504 85249
734999 741447
72744 723297
627425 93662
602848 727569
591334 734946
431200 446283
101073 626449
97599 609673
87142 611876
591334 119890
102272 603138
106120 722384
631488 712991
106358 725042
90543 602323
74003 609993
725042 117662
116240 582846
592017 734459
116446 614609
629648 86056
626449 97327
109127 742195
118284 724193
567060 110046
109503 591334
101759 602848
584136 732644
583707 736850
74162 742195
629092 102225
725042 83650
110823 566360
118284 734713
116240 607575
741769 723317
593249 116240
571877 716513
746339 738541
722524 80606
100729 602848
85033 722423
731709 751802
583918 722384
603138 97444
109933 578229
618343 102530
717058 79354
759883 716593
583950 712991
116724 611876
751802 745576
119268 712891
722384 106182
117564 721030
614609 76483
118284 721810
629648 84802
602848 727493
629092 117927
723472 624609
725042 581818
90951 631843
631843 118904
730003 592017
733576 589741
122097 626128
89003 602323
93735 725042
81176 611876
116332 717058
13697 15794
603138 91344
97096 602323
77813 713879
118284 630778
742857 95543
97663 629648
98972 629092
115503 712991
98868 713546
725372 567060
108427 629092
419758 416225
105277 605029
717058 76183
587499 94541
600504 83677
308048 773124
721030 569511
721030 565680
89529 733576
581131 722524
763950 76459
721030 583602
611417 85367
73394 742857
419758 948545
91034 721030
717058 94226
713546 77510
608279 77217
763950 116422
712991 588815
85367 746968
600504 121681
722926 583707
724377 584136
712884 741447
123008 629648
89852 722524
94422 614609
589126 722524
723317 566826
102219 600504
742195 76815
734241 592017
733576 117376
608279 124093
573370 733576
731645 591334
722384 573064
726248 742857
90802 721030
584136 731570
614609 89148
110122 629648
597244 83971
712991 582487
619315 105277
631843 113528
419758 944927
732002 584136
110622 591334
608674 729546
107013 631843
116240 579227
419758 948461
722384 572271
600504 83937
116240 627419
714571 105277
609100 116240
720739 93662
571550 721030
122432 567060
82082 614609
599512 84400
722384 120399
723317 103385
93662 597254
730011 591334
72640 747590
98542 600930
742195 740015
716513 88766
611876 100954
718736 591334
835716 712051
583707 597929
625777 122972
742857 744313
89475 632442
75626 717058
602323 107249
603138 84722
712991 575496
747280 116240
110823 616951
600650 122972
720469 85033
114754 733576
631843 80659
116240 588694
84317 608279
723783 626449
609691 110823
712991 586217
727422 763950
77149 611876
751802 108766
592017 596852
567985 91746
597244 565599
93662 618016
575070 109117
113519 742857
87140 751805
721030 93540
110823 713959
119268 721519
603138 98692
85106 567985
87465 742857
588582 717058
721030 105293
712051 838237
723317 591224
737070 93662
578229 76607
629318 116240
109117 569168
578229 77666
723616 742857
84400 598611
118284 623133
605555 89475
74122 608674
725042 99944
124275 611876
607026 110823
583707 722401
597244 574617
712991 119301
604729 119268
728107 624609
738647 87052
729308 602848
578229 727114
578229 731718
614609 79528
742827 116240
619555 583707
119587 600504
434824 446283
738541 762295
695433 427423
733576 122651
611876 89660
786812 773124
111093 567060
123473 725042
603196 102530
583078 712991
604200 93662
74206 608279
574130 722384
117783 609993
119268 731163
77378 600504
114715 724858
632290 105277
96113 614609
109117 612389
629041 573573
626128 112556
712978 608674
102530 725222
116240 576946
110823 573978
597191 591334
625128 116240
100087 608279
85367 594795
725042 581576
600504 95291
603138 101969
94541 567886
116528 619944
854244 860805
82287 614609
109117 118235
608674 122316
120920 624609
684645 419758
723297 81085
712051 848744
714720 584136
593573 93662
97599 609015
78446 607312
96462 743045
94541 578287
578229 735263
607788 78446
89475 616992
593095 116240
742195 733093
578229 86626
567985 73269
724181 105551
116240 578995
738819 583707
765613 775931
87978 626128
578685 110823
608674 109180
712991 585239
94541 566982
577830 111363
567060 76612
114346 717058
717058 82279
116240 609938
78360 116240
108361 577462
97599 746361
600504 98169
80504 608279
119528 712991
742195 86292
583707 595610
751802 735510
121787 712991
109226 591334
721908 742857
108679 751802
751802 109280
577584 110823
717058 571388
632233 583707
721641 742195
116240 600243
80073 626128
602323 80077
95722 567985
591334 109180
611876 96907
89172 629092
725042 584793
712051 846894
621171 118284
571493 629041
577830 122486
624609 92066
96638 631843
624500 110823
427423 951508
110823 579604
632380 110823
569216 629041
78446 606454
87145 631843
567412 110823
108332 626449
116240 614021
741447 722798
90754 597244
712991 578352
717058 74516
107368 608674
609993 95115
105574 721030
74025 626449
751879 108361
102663 614609
110823 714237
591458 722524
600930 78793
109988 578229
72962 567985
567985 79431
567985 98117
119581 724181
97599 605413
109975 567060
118284 715415
106946 763950
609993 83861
94541 575831
110823 624157
119609 723317
567060 76996
93662 628321
712991 576894
712991 101570
88522 742195
81628 600930
603138 113628
96462 622723
602848 84798
407843 427423
854184 860805
724207 116528
608674 727690
956957 419758
427423 951352
574061 721030
742857 78048
75654 751802
572114 629041
775931 310607
608279 99433
733576 108720
78539 722524
629092 108640
727031 119268
724181 592005
725042 593024
611335 84400
108591 602848
712991 93089
609993 100536
629092 117519
626449 88187
727131 624609
712991 78367
577830 734517
600504 95174
93662 618977
94541 574123
72941 725042
601821 116528
722524 571383
582724 110823
600504 113541
582025 712991
109395 608674
608674 737975
122066 602323
712991 92453
717393 93662
583707 724495
94446 631843
122972 732435
609993 84994
121523 577830
112798 606238
763950 741396
630195 114715
589997 721030
109117 598171
715813 93715
598457 122907
733080 741447
728758 742195
729433 112798
575891 712991
119268 627785
98060 624609
719769 583707
97599 619342
114816 713546
603965 116240
93179 721030
735172 608674
447118 460646
733576 568664
602323 124201
117386 614609
84400 609906
91259 624609
759883 714513
721030 82124
722524 92614
583707 595729
110823 571246
96690 742857
613267 118284
575452 712991
729454 583707
86615 751802
622221 102530
105268 602323
111270 763950
93662 622517
565243 110823
124136 608279
593358 597244
571606 629041
588534 717058
608674 723779
117408 717058
572071 77813
589189 716513
573484 116240
75680 632421
611876 99615
712991 78570
746443 116240
740791 747314
116528 724006
626128 122167
427423 951120
603138 99475
759704 109117
631843 100315
77128 608279
85246 608674
110823 579562
608674 99984
82941 733576
742857 729647
567060 111970
119268 594069
93625 631843
108361 582541
737716 105277
79311 614609
608674 730842
567060 727904
742195 722091
626449 100750
110823 611083
751802 73585
601855 119268
104827 724181
729137 591334
578229 726801
629092 80615
603138 124431
120739 738647
712991 591072
715813 91367
578229 736363
627877 78446
722524 122641
724995 96462
631843 92991
72640 743908
117874 614609
75634 713546
419758 957988
118284 603229
614593 114715
943580 419758
104240 717058
602848 83645
120127 609993
94842 600504
715813 583905
566824 712991
96462 608366
742857 113964
717058 79824
104132 600504
568328 629041
570085 629041
584136 595485
607651 109117
590027 733576
111018 763950
121958 567985
620347 583707
605109 102530
716138 93662
97219 629648
721030 571825
588634 722524
106912 751802
722788 85033
91057 602323
72668 600504
110823 600857
114715 627517
611876 94224
723317 117537
96462 606880
631786 114715
713546 110966
84400 726260
427423 687617
677478 421308
571773 733576
588689 722384
98959 717058
712991 112982
631939 93662
577830 109578
119268 619400
75789 629648
110823 567817
610822 85033
113619 578229
116223 608674
614609 115545
602848 114045
608674 738259
81268 631843
80790 751805
97599 595985
571280 629041
712991 105125
106975 629092
79074 614609
97117 567985
603138 106733
609149 712991
97599 758904
76054 631843
119268 627792
751805 92024
120801 631843
97599 627299
120425 733576
722384 570477
99173 742857
118294 723317
722524 585378
721821 592017
416842 419758
583707 728863
617644 96462
627788 591334
88771 603138
608674 723355
715754 97599
117150 600504
119268 719976
714023 110823
723185 742857
120683 602848
90293 712991
729771 592017
78446 629982
84240 631843
598962 84400
613179 118284
958077 697926
722524 84441
76916 713546
109198 602848
427423 689066
611861 93662
777126 773124
580195 110823
608674 726952
614271 116240
120882 626449
576064 116240
93625 716513
118284 621782
600504 100079
724395 742857
857833 712051
