626128 730764
743688 751805
751805 572099
578229 718839
716156 739679
612841 716513
742857 570743
106082 751805
712991 617005
741447 74130
751805 120329
717058 592660
730254 602848
629648 722154
571013 725042
566789 725042
737994 740023
739679 741857
622782 712991
747801 760018
741897 743424
739960 113813
83595 741447
736668 629648
593091 759883
714240 118284
100012 759883
624722 751805
616187 712991
118284 714499
742857 576483
575035 742195
725042 599621
720231 624609
759883 632423
593416 715813
742617 118284
733077 626128
742195 117347
589880 759883
103532 742195
723317 603269
733657 602848
743424 737643
566164 717058
742857 565710
618366 723317
567871 751805
612160 712991
582047 741447
751805 568783
602556 742195
741447 106505
591334 746267
626128 724229
742195 575501
733189 739960
742195 616334
118284 760370
759883 120808
738276 602848
614760 723317
731117 603138
600716 716513
712991 603559
751805 90425
742195 584515
742195 121596
741447 727738
745247 96462
105277 714669
759883 115656
591800 742857
712991 744435
742195 565687
593172 759883
717853 747801
751805 90623
741447 587846
741447 94828
99043 759883
106574 751805
93251 742195
736078 602848
625122 716513
759883 83272
730489 740023
739679 720270
573288 742195
732175 591334
605724 751805
631843 727285
742195 613233
742857 591075
628640 723317
578711 751805
742195 568128
567166 717058
751805 631583
578694 716513
720659 739679
713413 740023
725042 577506
587619 751805
112162 739960
87272 759883
759883 587772
86382 759883
739679 713893
597244 107997
736796 603138
739960 713233
759883 86987
751805 580697
717058 574323
565510 742195
81463 741447
739960 736060
733576 631992
735523 631843
716993 578229
624609 725415
597244 91868
626040 725042
79501 759883
587380 741447
721654 629092
74970 759883
575499 725042
741447 103257
751805 616815
629648 725149
724105 631843
81430 741447
751332 72640
741447 98100
759883 91630
759883 121341
724837 739679
733576 599765
720056 739679
751805 611030
591334 746343
759778 591334
712991 745233
91288 741447
751809 102530
113902 739960
79269 741447
582718 742857
747801 719730
583432 741447
742857 104250
608447 712991
582779 715813
733576 744930
103726 759883
742195 589037
592848 751805
726099 739960
742195 570063
759883 86109
602848 760877
81401 751805
733576 594598
759883 590985
575882 742195
719672 577830
565200 759883
565705 741447
759883 83491
565616 717058
725990 608674
101525 759883
739960 713627
745829 72640
570703 717058
741447 85881
739960 725549
751805 595765
751805 623685
715813 592877
748331 712991
626128 714764
573128 742195
733576 629781
740023 714488
718027 602848
74307 741447
742195 81373
759883 587631
605850 712991
741447 117604
740023 722625
597244 75286
77289 597244
728059 739679
629092 725400
572106 715813
745355 717058
742195 90217
716513 606871
629473 723317
628219 742195
629441 712991
742195 631065
737191 739679
82043 742195
747271 118284
742195 610633
629664 715813
759883 91195
717296 591334
626128 726222
105277 744023
751732 747801
728461 740023
751805 604235
597244 96444
714075 740023
733576 578458
589737 751805
747801 743071
742857 584010
716513 603662
605276 723317
118284 742168
751805 630950
576272 716513
719764 739679
567266 733576
717058 577822
741447 731408
743864 742857
629648 746835
751805 570057
608674 715396
714192 608674
626128 717647
733740 739960
720412 629092
742195 589154
742857 568991
743849 759883
723317 601996
92771 742195
588322 759883
103156 742195
578205 759883
592230 715813
631869 742195
629648 759814
747529 298241
576360 742857
575757 742195
725583 578229
582082 751805
736215 626128
608674 738703
759883 73726
737009 740023
619671 723317
723317 602928
718543 629648
111153 739679
567060 732960
96462 745241
759883 117640
751805 586389
95429 741447
608891 733576
744476 712991
629648 716026
597244 94036
738019 739679
715813 570014
81392 742857
592321 716513
741447 590325
591334 741334
759883 116339
584835 742857
742195 566689
723317 605006
572492 742195
96462 744810
630541 751805
742857 576719
725042 624691
624609 716964
742195 115704
624609 720292
751805 625422
629928 751805
742857 121581
631843 722485
593109 742195
579462 759883
723586 631843
759883 116674
716513 580374
734135 739679
759883 584613
591334 719506
81738 742195
716272 578229
741447 87645
734939 602848
587241 742195
624609 721212
580360 742195
759883 86254
591408 759883
615282 723317
742195 587242
733576 627305
580863 759883
742668 747801
742857 93352
719831 740023
630367 712991
718841 626128
629648 723493
723976 739679
721590 626449
739679 115706
595217 716513
742877 608674
121366 751805
742857 574598
88501 741447
751805 104508
77065 741447
568452 716513
567414 717058
725478 567060
742836 105277
579657 716513
78615 751805
719188 629092
631843 731493
739679 731733
716513 568078
581233 741447
716513 607664
725042 609319
720211 626128
603138 726806
741447 84066
761764 118284
739960 746723
121312 741447
729959 741447
715897 747801
88212 597244
91231 741447
581367 751805
629648 731849
576543 742195
583218 742195
626449 719390
746495 629648
118284 738918
751805 569172
742857 91018
742195 112300
739960 738246
742195 744908
742195 101001
731442 603138
580354 751805
602848 732407
724265 603138
737559 602848
123175 742195
751805 577630
631843 728659
741447 95087
116429 759883
89877 741447
759883 106308
608674 735793
114747 742195
733576 566675
117589 597244
723317 621496
119165 741447
741447 78815
599597 712991
718264 608674
715088 629648
72640 746815
732469 631843
608674 716833
717058 572940
583926 741447
751805 565662
123249 741447
742195 573569
626872 723317
742857 577209
741447 96475
715813 592940
739679 736406
578900 742857
751805 743256
739679 718826
586528 751805
728336 602848
759883 579119
751570 629648
582500 742857
759883 588594
591334 742010
722328 626449
741447 107037
743424 761758
717804 578229
615574 742195
744452 733576
733576 624324
727654 603138
578247 717058
629092 723576
632371 712991
572109 716513
72640 763161
614351 751805
567060 715532
105277 761205
610483 715813
80608 742857
715813 582712
742857 582913
603138 729224
298241 746951
566071 716513
759883 573094
742195 115548
739960 109476
605310 712991
567060 738918
739679 735425
739960 115735
89311 742195
586544 751805
582700 741447
751805 81199
624782 751805
727681 739960
603138 727158
740023 728684
629648 717415
591005 742857
742857 583365
742857 584908
285162 742198
716513 601616
747801 721921
742857 585469
81679 759883
716513 570461
118284 751407
597244 73594
739679 76761
739679 736809
581257 751805
739960 739261
759883 578484
742195 100961
105171 759883
742195 119472
570069 741447
724838 629648
741447 123361
741672 96462
118284 713161
733576 623673
84535 742195
742195 594786
119129 751805
716513 571331
739679 122062
731417 626128
723317 617899
115627 742857
625352 725042
741447 119396
759883 116024
82062 742195
609279 725042
567094 733576
99142 597244
72872 759883
577677 716513
298241 742617
576886 717058
567528 715813
124174 741447
717081 740023
724656 631843
716513 603755
122006 742857
73087 741447
118284 741167
591334 718879
739679 107072
725042 599046
717058 582287
122134 742857
285162 744150
626449 734117
715140 739679
583472 751805
591461 742857
741447 587139
729592 741447
573025 751805
716513 599397
759883 587053
741447 98389
609661 725042
587024 759883
715813 577790
603995 723317
742195 90392
608321 751805
616895 712991
629092 728378
761946 72640
626128 727892
603673 733576
615310 725042
593029 716513
740023 111115
72640 744367
72640 741449
751405 739554
716513 578641
576541 716513
739679 719880
740023 736385
105084 759883
81042 751805
605818 733576
584295 742195
118284 741639
712991 760311
759883 578885
102530 741913
584089 741447
744176 725042
751805 630355
79929 751805
610182 712991
742195 580826
740023 723299
751805 626298
733576 575069
751805 586304
725042 748549
114413 597244
741447 727731
742857 743780
742195 114440
583619 751805
759883 299189
742857 104843
614983 723317
743145 285162
742195 574378
746365 739679
584398 725042
739679 110019
739960 97973
751595 298241
739960 730509
741447 723527
716646 608674
742857 82126
741447 74106
583432 742857
105277 759913
739554 741104
731572 739960
631843 731496
624055 725042
745410 285162
578129 715813
742692 743424
733576 739561
597244 94055
759883 587502
739960 733319
712991 617267
93486 741447
599305 725042
76483 742857
124282 759883
741447 90097
597244 94023
576353 751805
742195 567326
742195 606554
718417 578229
576832 715813
751246 739960
742903 743424
569664 759883
615817 751805
619637 723317
740023 719865
733576 576042
723317 602263
610721 759883
734327 602848
759883 574586
759883 93675
615153 723317
746224 741447
608638 725042
739960 725823
742195 588594
86021 597244
715772 740023
716513 598766
739960 110983
715813 572851
594636 751805
742857 94904
72703 739679
723317 606281
744086 725042
751805 115590
751805 603099
733576 573078
621953 116240
603138 737897
608864 723317
78329 759883
97009 741447
622534 116240
733576 610781
741447 589840
597972 96462
733576 616142
569535 717058
716513 629647
751805 739531
735652 567060
759883 92614
569390 725042
578036 716513
90564 751805
567060 713215
84090 742195
715813 565206
602323 110423
741447 92100
592391 716513
627287 733576
285162 741375
712991 611903
751805 570468
565411 759883
751805 599399
602323 108905
759883 119512
599684 751805
742857 84222
629092 721702
99646 741447
586778 759883
578229 716831
120217 597244
723317 601226
118186 759883
601019 751805
615759 751805
122372 759883
751805 124285
602848 738307
742857 625903
582765 717058
759883 85411
90597 759883
76642 739960
739960 117107
612861 733576
742195 298453
717058 592555
733576 607778
741447 592517
631843 731456
744698 733576
739679 726603
725042 748376
79387 751805
741383 118284
737184 739960
725227 629648
725139 578229
582628 751805
739960 716107
629648 724557
751805 565178
751805 84180
714141 626128
99333 741447
740023 720277
567253 733576
716513 568450
597244 94829
740023 734495
629648 721030
730358 629648
739679 738705
607553 742195
569282 715813
744481 725042
721138 603138
611046 712991
742195 581038
591334 751508
298851 741447
742857 89158
597244 97957
716513 629938
741447 569421
741447 95108
743048 629648
613024 742195
712991 629787
725042 598763
739960 728744
741447 570391
586702 742857
741447 736732
725428 578229
118039 742857
742195 577209
608674 719979
739960 724832
724229 629092
622903 723317
566647 717058
725042 611377
629092 738492
739679 110981
118284 741721
713048 626449
739960 120995
119615 742857
747801 719630
629648 733925
740023 734481
605950 725042
713466 740023
742195 609311
739679 728043
111504 741447
751805 568702
599183 742195
742857 587952
120843 739679
747801 726282
742195 90617
78789 751805
592685 715813
121367 751805
759883 92761
739960 736750
584210 759883
572901 715813
597244 112944
723317 614967
725042 610403
597244 99533
602479 716513
99818 742195
725042 606140
751805 625462
612691 751805
566287 716513
116240 613543
85090 741447
597244 96822
742195 594628
759883 101736
759883 570510
602323 111018
742195 83871
120923 739679
609687 733576
747801 734921
759883 632337
567223 717058
716513 571154
575133 716513
739679 718892
743121 626128
751805 611296
751805 103067
626167 723317
568234 742857
118284 744736
599165 751805
573703 717058
626128 735669
751805 592248
727272 739679
742857 120443
715901 747801
731271 739679
104522 751805
742857 90047
611471 751805
115330 759883
739679 725765
742195 598182
625230 759883
747501 105277
751805 576948
741447 104616
580951 751805
624609 738100
715813 574968
75108 739960
741668 626128
740023 723529
111277 602323
723344 626449
759922 118284
732027 740023
606473 723317
583825 742195
601988 712991
742857 92386
106916 741447
723317 630132
721465 747801
607530 733576
759883 108388
717590 739960
753949 739960
722002 740023
565709 759883
578378 715813
728471 631843
739679 737608
600489 723317
742857 89199
716513 576844
576111 742195
733576 577663
739960 729159
72640 742204
716513 569768
572227 715813
721796 608674
110569 739960
717058 568332
742857 114702
723317 600768
751805 608327
759883 84053
742195 91039
723317 610074
712991 602792
738492 602848
751805 739718
723231 629648
99913 741447
759883 87229
631843 726470
742857 584930
739302 739960
739679 107591
600768 733576
73548 597244
725072 567060
615343 725042
722681 626128
746321 608674
751805 81719
607419 723317
582224 715813
589387 741447
112501 597244
612007 751805
72656 739960
759883 116946
626128 715361
99911 742195
605777 716513
733576 630545
739422 591334
73458 739960
759883 591877
716513 632144
572271 717058
751805 584785
733576 578280
721452 739960
741447 588721
751805 592384
123596 759883
629854 712991
716513 577295
759883 109970
739679 86230
742845 739554
742195 122805
738785 629092
763251 591334
740023 733952
738868 626449
723372 602848
105277 746744
567060 736993
602323 107585
742857 92590
712991 614883
73932 597244
115401 751805
603138 726438
629648 730214
717058 567272
725571 739960
742857 115327
739194 629648
105277 714665
576559 742857
759883 102336
759883 594472
578334 751805
733576 611359
583682 742195
751805 106570
723650 631843
742195 80870
717058 570248
739679 728015
741447 84397
747339 629648
602848 722853
742195 119702
594866 751805
581848 759883
742195 571827
759420 743424
597244 83114
742195 626446
740023 735335
606999 751805
611158 759883
567060 717240
602848 731012
742195 607167
751805 116908
741066 743424
738261 739960
573436 741447
629092 725161
742857 584019
733797 747801
629648 713182
746452 743424
725042 599714
759883 120678
88649 759883
78662 751805
723317 619128
729080 739679
742195 610043
739679 121181
118284 742366
123743 759883
751805 595987
751805 587554
759883 89112
591334 714414
732070 747801
724279 739679
742857 90892
89063 741447
712991 607794
608941 751805
565479 715813
606463 712991
741447 82163
723317 605294
741447 116202
591334 759739
741447 77507
741447 79495
721076 739679
740023 729216
585891 742857
623862 733576
